
Learning rate: 0.00001
Hidden layer size: 100
Embedding size: 100
Epoch:	200	46745.550399216	
1	1		|
1	3		
1	1 		|
3	3		|  <-- check this out!
4	4		|
3	3		|
3	20		
1	3		
1	1		|
1	7	
1	1		|
1	3	
7	1	
3	13	
1	1		|
1	1		|
1	1		|
1	3	
1	1		|
3	3		|
1	4		
3	3		|
3	20		
3	3		|
1	1		|
1	7	
1	1		|
1	3	
1	1		|
3	13	
1	1		|
1	1	
1	1		|
3	2	
1	1		|
3	2	
1	33	
3	7	
1	31	
1	31	
1	1		|
3	1	
1	2	
1	3	
1	2	
3	1	
1	3	
3	3		|
1	1		|
1	1		|
1	7	
3	1	
1	2	
1	28	
1	8	
3	16	
1	4	
1	4	
1	8	
1	12	
1	7	
1	1		|
1	3	
1	1		|
1	13	
3	3		|
1	1		|
1	1		|
Total cost:	88.796092256373



*** Epochs 170 - 173 ***
Learning rate: 0.00001
Hidden layer size: 100
Embedding size: 100
Epoch:	170	Cost: 47148.042691206	
1	1	
1	3	
1	1	
3	3	
1	4	
3	3	
3	20	
1	3	
1	1	
1	7	
1	1	
1	3	
7	1	
3	13	
1	1	
1	1	
1	1	
1	3	
1	1	
3	3	
1	4	
3	3	
3	20	
3	3	
1	1	
1	7	
1	1	
1	3	
1	1	
3	13	
1	1	
1	1	
1	1	
3	2	
1	1	
3	2	
1	33	
3	7	
1	31	
1	31	
1	1	
3	1	
1	2	
1	3	
1	2	
3	1	
1	3	
3	3	
1	1	
1	1	
1	7	
3	1	
1	2	
1	28	
1	8	
3	16	
1	4	
1	4	
1	8	
1	12	
1	7	
1	1	
1	3	
1	1	
1	13	
3	3	
1	1	
1	1	
Total cost:	88.331423612103	
^[[A^[[BEpoch:	171	47133.725712698	
1	1	
1	3	
1	1	
3	3	
1	4	
3	3	
3	20	
1	3	
1	1	
1	7	
1	1	
1	3	
7	1	
3	13	
1	1	
1	1	
1	1	
1	3	
1	1	
3	3	
1	4	
3	3	
3	20	
3	3	
1	1	
1	7	
1	1	
1	3	
1	1	
3	13	
1	1	
1	1	
1	1	
3	2	
1	1	
3	2	
1	33	
3	7	
1	31	
1	31	
1	1	
3	1	
1	2	
1	3	
1	2	
3	1	
1	3	
3	3	
1	1	
1	1	
1	7	
3	1	
1	2	
1	28	
1	8	
3	16	
1	4	
1	4	
1	8	
1	12	
1	7	
1	1	
1	3	
1	1	
1	13	
3	3	
1	1	
1	1	
Total cost:	88.350094964671	
Epoch:	172	47119.478831954	
1	1	
1	3	
1	1	
3	3	
1	4	
3	3	
3	20	
1	3	
1	1	
1	7	
1	1	
1	3	
7	1	
3	13	
1	1	
1	1	
1	1	
1	3	
1	1	
3	3	
1	4	
3	3	
3	20	
3	3	
1	1	
1	7	
1	1	
1	3	
1	1	
3	13	
1	1	
1	1	
1	1	
3	2	
1	1	
3	2	
1	33	
3	7	
1	31	
1	31	
1	1	
3	1	
1	2	
1	3	
1	2	
3	1	
1	3	
3	3	
1	1	
1	1	
1	7	
3	1	
1	2	
1	28	
1	8	
3	16	
1	4	
1	4	
1	8	
1	12	
1	7	
1	1	
1	3	
1	1	
1	13	
3	3	
1	1	
1	1	
Total cost:	88.368564775367