
Add Jan 7
----------
Hidden size now 200.
500 epochs.

Epoch:	500	43326.461889537	
1	1	
1	3	
1	1	
1	3	
1	4	
1	3	
3	20	
1	3	
1	1	
1	7	
1	1	
1	3	
1	1	
3	13	
1	1	
1	1	
1	1	
1	3	
1	1	
1	3	
1	4	
3	3	
3	20	
1	3	
1	1	
1	7	
1	1	
1	3	
1	1	
3	13	
1	1	
1	1	
1	1	
3	2	
1	1	
4	2	
7	33	
3	7	
3	31	
1	31	
1	1	
1	1	
1	2	
1	3	
7	2	
3	1	
3	3	
3	3	
1	1	
1	1	
1	7	
1	1	
2	2	
1	28	
1	8	
3	16	
1	4	
1	4	
1	8	
1	12	
4	7	
1	1	
1	3	
1	1	
1	13	
1	3	
1	1	
1	1	
Average nll: 3.026	
Total nll: 96.831	
Percentage correct: 34.57%	
Percentage correct (not tonic): 15.35%














Added Jan 5
------------
Best performance:
Hyperparameters:
- Learning rate: 0.00001
- Hidden layer size: 100
- Embedding size: 100


Epoch:	300	45636.29344708	
1	1		|
1	3		
3	1		
1	3		
4	4		| <---
3	3		|
3	20	
1	3	
1	1		|
1	7	
3	1	
3	3		|
1	1		|
3	13	
1	1		|	
1	1		|
1	1		|
1	3	
3	1	
1	3	
4	4		| <---
3	3		|
3	20	
1	3	
1	1		|
1	7	
1	1		|
1	3	
1	1		|
3	13	
3	1	
1	1		|
1	1		|
1	2	
3	1	
3	2	
1	33	
3	7	
3	31	
3	31	
1	1		|
3	1	
1	2	
1	3	
1	2	
3	1	
3	3		|
3	3		|
1	1		|
3	1	
1	7	
1	1		|
1	2	
3	28	
3	8	
3	16	
1	4	
1	4	
1	8	
1	12	
1	7	
1	1		|
1	3	
4	1		<----
1	13	
3	3		|
1	1		|
1	1		|
Average nll: 3.070	
Total nll: 98.242	
Percentage correct: 33.67%










Epoch:	194	47633.170124263	
1	1	
3	3	
3	1	
1	3	
1	4	
3	3	
3	20	
1	3	
1	1	
3	7	
3	1	
1	3	
1	1	
3	13	
3	1	
1	1	
1	1	
1	3	
1	1	
1	3	
1	4	
3	3	
3	20	
1	3	
1	1	
3	7	
3	1	
1	3	
3	1	
3	13	
3	1	
3	1	
1	1	
1	2	
1	1	
1	2	
1	33	
3	7	
3	31	
1	31	
1	1	
3	1	
3	2	
1	3	
3	2	
3	1	
1	3	
3	3	
3	1	
1	1	
1	7	
3	1	
1	2	
3	28	
3	8	
3	16	
1	4	
3	4	
3	8	
1	12	
1	7	
3	1	
1	3	
1	1	
1	13	
3	3	
1	1	
1	1	
Average nll: 2.830	
Total nll: 90.555	
Percentage correct: 29.96%














Epoch:	38	51086.813988059	
1	1	
3	3	
1	1	
1	3	
1	4	
3	3	
3	20	
1	3	
1	1	
1	7	
1	1	
1	3	
1	1	
3	13	
1	1	
1	1	
1	1	
1	3	
1	1	
1	3	
1	4	
3	3	
3	20	
1	3	
1	1	
1	7	
1	1	
1	3	
1	1	
3	13	
1	1	
1	1	
1	1	
1	2	
1	1	
3	2	
1	33	
3	7	
1	31	
1	31	
1	1	
3	1	
3	2	
1	3	
3	2	
1	1	
1	3	
1	3	
1	1	
1	1	
3	7	
1	1	
1	2	
1	28	
1	8	
3	16	
1	4	
1	4	
1	8	
1	12	
1	7	
1	1	
1	3	
3	1	
1	13	
3	3	
1	1	
1	1	
Total cost: 87.184	
Percentage correct: 28.69%