Inversion baseline model

Epoch:	500	766.99829630706	
9	9	
4	4	
1	1	
1	1	
1	1	
2	2	
1	1	
1	1	
1	1	
3	3	
3	3	
1	1	
1	1	
1	1	
1	1	
3	3	
1	1	
2	2	
1	1	
9	9	
2	2	
1	1	
7	7	
4	14	
3	3	
2	2	
1	1	
10	10	
1	1	
1	1	
1	1	
3	3	
1	1	
2	2	
5	5	
1	1	
1	1	
1	1	
5	5	
1	1	
1	1	
2	2	
2	2	
5	5	
10	10	
1	1	
1	1	
1	1	
1	1	
1	1	
2	2	
1	1	
2	2	
1	1	
2	2	
1	1	
1	1	
1	1	
1	1	
1	1	
2	2	
10	10	
4	4	
2	2	
1	1	
1	1	
2	2	
3	3	
4	4	
1	1	
2	2	
1	1	
1	1	
1	1	
1	1	
2	2	
2	2	
3	3	
1	1	
7	7	
1	1	
1	1	
1	1	
2	2	
1	1	
4	4	
1	1	
1	1	
1	1	
1	1	
1	1	
1	1	
1	1	
1	1	
2	2	
5	5	
10	10	
4	4	
1	1	
1	1	
Average nll: 0.043	
Total nll: 75.515	
Percentage correct: 99.71%	
Percentage correct (not root): 99.36%	
Percentage correct (not root or 6): 98.87%