100, 0.1	
2.3650588866081	
2.2794889344077	
2.2442542114207	
2.2137512042507	
2.2448771043403	
2.2259594937942	
2.2112028417086	
2.2076605417136	
2.2001501389051	
2.1900648624652	
2.1703314647423	
2.1674349971821	
2.1854042989955	
2.1758809969316	
2.1953807921749	
2.2266097263108	
2.2147905555209	
2.2029438113029	
2.1786582108308	
2.176580885148	
100, 0.01	
2.276772608584	
2.0797794344534	
1.9453132098161	
1.8229310640073	
1.7223043769049	
1.6436557400868	
1.5780148908307	
1.5256848740013	
1.4760823717329	
1.4356608333548	
1.399701610691	
1.3720598297094	
1.3401770751248	
1.3111192036187	
1.2893422206048	
1.2635782608028	
1.2453967612322	
1.2272325243352	
1.2100471772903	
1.1980796008654	
100, 0.001	
2.5363794079861	
2.3383196768096	
2.2773193938248	
2.233299490164	
2.1979320544912	
2.1679548044841	
2.141410615594	
2.1171062106523	
2.094235122135	
2.0722393324552	
2.0507718268295	
2.029585993278	
2.0084675699017	
1.9872724635207	
1.9659831573959	
1.9446483439962	
1.923285099462	
1.9018737133105	
1.8804009178679	
1.8588457981488	
200, 0.1	
2.4178179806755	
2.3411211461852	
2.2886380337327	
2.2484557668268	
2.2628825336086	
2.2473243468608	
2.2357944298996	
2.1919142577776	
2.1889902104073	
2.1840400452745	
2.197005002457	
2.1829702985047	
2.1700449066326	
2.1456858030511	
2.1653290268823	
2.1561853411866	
2.1597025542769	
2.1278988767952	
2.1174581022605	
2.1395608185498	
200, 0.01	
2.2190768265125	
1.9912864627141	
1.8038553901128	
1.6492132585034	
1.5299389917909	
1.438809303043	
1.3564144399026	
1.2864450204885	
1.2311221802167	
1.1769929796054	
1.1355712718233	
1.0903205609589	
1.0520562601708	
1.014449930731	
0.97954826827125	
0.94807124509977	
0.92519658303696	
0.895155155359	
0.86412249476746	
0.8465479810789	
200, 0.001	
2.4335438544937	
2.2399640352809	
2.1759615094589	
2.1282747837587	
2.0869056998774	
2.0478126768212	
2.0087877366511	
1.9684913800732	
1.9259806925334	
1.880868978958	
1.8341057886925	
1.7872046706768	
1.7411585411007	
1.6967499827204	
1.6541774545091	
1.6133405090724	
1.5742307576125	
1.5369163676269	
1.50141227232	
1.467675430367	
250, 0.1	
2.4533937395875	
2.3848263691444	
2.3541007161483	
2.4233232458771	
2.3361303727137	
2.2985280667568	
2.2544714975843	
2.2621344181962	
2.2290028168383	
2.2457428082904	
2.2667308025733	
2.2542491556086	
2.2452562826191	
2.2558776580422	
2.2540325071222	
2.2351151200723	
2.2432379401944	
2.1920902541108	
2.1994249788494	
2.2189492864446	
250, 0.01	
2.2109806746599	
1.9803135557442	
1.798225904461	
1.6378607941611	
1.5137009611432	
1.41222943959	
1.3244069959954	
1.2547547563838	
1.1961345587861	
1.1348800667606	
1.0936595465325	
1.0415577291492	
0.99701488145107	
0.9585367444493	
0.92638071567113	
0.89023386581189	
0.85889812925395	
0.82980096325385	
0.79590469699372	
0.77350074882662	
250, 0.001	
2.4096785271388	
2.2271540581892	
2.1601290819768	
2.1087103153916	
2.0617094515389	
2.0142374059853	
1.9643791826574	
1.9117257965448	
1.8574022343594	
1.803212536564	
1.7500761490078	
1.6988025428057	
1.6496649804175	
1.6024986288314	
1.5571799932239	
1.5137153836389	
1.4722456872187	
1.4328682428324	
1.3955948801749	
1.3604128579372	