-3.3739193638605	0.034255115633661
-11.670481000811	8.542293719445e-06	
-5.8293307884057	0.0029400438334509	
-0.70939910804887	0.49193971127909	
-10.738157187736	2.1700892098431e-05	
-9.8483965027922	5.2831840840373e-05	
-4.1630529073474	0.015559982150892	
-15.659687013294	1.5815551540363e-07	
-3.2915155135838	0.037197433441779	
-8.7616718826773	0.00015662253506623	
-10.030708636269	4.4026948911583e-05	
-2.8765730024159	0.056327466539717	
-7.4331114567713	0.00059134470300367	
-13.701176992351	1.1211260316118e-06	
-8.3320643138561	0.00024067470359548	
-1.2249007922268	0.29378684481649	
-11.365066178972	1.1593497481419e-05	
-8.9471661495784	0.00013010533718453	
-4.3767378012787	0.012566285549543	
-10.398139164769	3.0489165567051e-05	
-10.691721689434	2.2732346554152e-05	
-12.037592083838	5.9175261064097e-06	
-14.825688361687	3.641542258379e-07	
-7.470635476967	0.00056956623562515	
-14.191674714005	6.8648963237233e-07	
-16.573747662589	6.340344353229e-08	
-16.755913199255	5.2844447097801e-08	
-5.3678328902911	0.0046642282600795	
-15.432271006966	1.9854084157694e-07	
-8.6519023882782	0.00017479400559281	
-4.1778758683114	0.015331038148825	
-5.2792671303846	0.0050961642483968	
-13.147732317908	1.9499002941358e-06	
-15.00891285476	3.0318797181488e-07	
-16.239260847907	8.858876015758e-08	
-13.118579860595	2.0075813666893e-06	
-12.45642810749	3.8926199910748e-06	
-16.272878467785	8.5660119664915e-08	
-9.4839774179966	7.6060809090083e-05	
-3.7458909950157	0.023614579199052	
-2.5426428178289	0.078658245441374	
-5.4921156095393	0.0041191204989426	
-2.2840202130855	0.10187382786718	
-9.0417766249229	0.00011836036756866	
-3.558907165346	0.028469920635606	
-5.7981046833907	0.0030332983614364	
-5.385333990638	0.0045833092841868	
-9.7037056377863	6.1056820863883e-05	
-12.749285290799	2.9043954651929e-06	
-14.605720513231	4.5374951817962e-07	
-9.9957257800767	4.559439434293e-05	
-0.66968930367012	0.51186758846437	
-15.637178598246	1.617557107362e-07	
-3.742342722022	0.023698519005287	
-0.77056728663628	0.46275048167314	
-8.1146576673002	0.00029912241091549	
-5.116495926504	0.0059970000497254	
-3.8885960864372	0.020474069694585	
-2.9033235198329	0.054840652844206	
-8.6932197010306	0.00016771915043848	
-3.1511464087537	0.042803028962196	
-11.313863627798	1.2202574208348e-05	
-14.676397608655	4.227868825354e-07	
-0.011055949969759	0.98900494243073	
-0.14935946422406	0.86125946728256	
-5.6971748441445	0.0033554316968804	
-5.2010940379288	0.0055105323902848	
-5.8423041319554	0.0029021479841958	
-16.440696614294	7.2426280412652e-08	
-8.6229059125457	0.00017993661417817	
-13.71927018904	1.1010236840682e-06	
-10.531019552235	2.6695393054114e-05	
-17.105777759328	3.7243896446622e-08	
-11.039579467636	1.6053567360459e-05	
-9.2957174482723	9.1816600048318e-05	
-9.5934093737111	6.8176585463613e-05	
-11.011291548848	1.6514173449448e-05	
-8.6897914293771	0.00016829512398045	
-11.732995270145	8.0246277995272e-06	
-7.9909854842549	0.00033850033218952	
-12.619262015833	3.3076849775217e-06	
-7.6752608129504	0.00046416948039808	
-10.530939617514	2.6697527028206e-05	
-9.871071540655	5.16473567107e-05	
-15.806786743548	1.3652108798135e-07	
-13.754765291043	1.0626281931568e-06	
-10.303976209634	3.3499628470281e-05	
-17.077483634683	3.8312729437645e-08	
-12.501708051819	3.7202932884021e-06	
-11.15212665795	1.434474825579e-05	
-16.840796145525	4.8543955740298e-08	
-1.5926314223015	0.20338970274232	
-13.810061577965	1.0054638526918e-06	
-14.496329346736	5.0620234983633e-07	
-16.542317695957	6.5427858649043e-08	
-6.7602680581951	0.0011589184746691	
-7.0252902351857	0.00088910943131299	
-7.8678938410622	0.00038283983521588	
-6.3259971974354	0.0017891811937643	
-5.6944909140841	0.0033644495370902	
-6.281273439741	0.0018710164498091	
-5.9323019922285	0.0026523692223683	
-4.688492870318	0.0092005421223763	
-0.0076421158635895	0.99238701086002	
-0.011026455948027	0.98903411259416	
-9.799230776921	5.5494270491906e-05	
-13.04461866061	2.1616934028745e-06	
-13.832965065982	9.8269693948006e-07	
-13.129540115958	1.9856979054757e-06	
-13.597386523674	1.2437413246245e-06	
-10.396927568378	3.0526128517571e-05	
-12.654932819649	3.191776755265e-06	
-7.6817096640298	0.00046118575169495	
-12.489129185928	3.7673859237794e-06	
-13.783560107738	1.0324663455633e-06	
-7.2968338493977	0.00067768102224259	
-5.7232843295867	0.0032689569202687	
-15.400950140619	2.0485772142027e-07	
-13.925629215823	8.9572784384291e-07	
-7.829574968106	0.00039779451972156	
-12.922276091127	2.4430187490273e-06	
-5.7165050821042	0.0032911932759582	
-8.3926949934881	0.00022651599589358	
-14.122612552203	7.355755726106e-07	
-4.8004554156087	0.0082259999470677	
-13.240453541293	1.7772318558704e-06	
-7.4473611997645	0.00058297794660523	
-3.433638694549	0.032269308731381	
-6.3991009779114	0.0016630517215343	
-7.2584042188664	0.00070423093785943	
-1.9974528058416	0.13568044789357	
-20.101475256947	1.8622595830234e-09	
-3.0099649463431	0.049293406644343	
-11.342055097335	1.1863369513887e-05	
-12.171217392874	5.1773490822312e-06	
-7.4586431499287	0.00057643778074799	
-14.535366271318	4.8682249287732e-07	
-2.8496812811326	0.057862759889549	
-8.3969935979979	0.000225544382998	
-10.637428952229	2.4000666618555e-05	
-12.735658897391	2.9442427713864e-06	
-10.881175202983	1.8808997673182e-05	
-6.2945881625936	0.0018462694993187	
-1.3698807242576	0.25413727015667	
-0.76538153089089	0.46515642556912	
-14.237366549403	6.5582847750871e-07	
-14.03856931593	8.000678375551e-07	
-14.429626793458	5.4111890573664e-07	
-13.354176546555	1.5861885678895e-06	
-7.1318309618559	0.00079925464219206	
-11.731004679214	8.0406174600091e-06	
-14.602322784647	4.5529385802575e-07	
-12.9527930498	2.3695913358879e-06	
-13.69591579669	1.1270400387576e-06	
-8.8558927478834	0.00014253930839862	
-13.626739373066	1.2077645660914e-06	
-14.372764722332	5.7277966536987e-07	
-13.176398484386	1.8947976912082e-06	
-12.514831229571	3.6717901718877e-06	
-13.643309854243	1.1879162284969e-06	
-14.159877957107	7.0866851600929e-07	
-10.637233584234	2.4005356038748e-05	
-9.0246755567187	0.00012040186240626	
-13.097649933603	2.0500427044271e-06	
-12.677014655009	3.1220689372119e-06	
-13.677589262191	1.1478852033012e-06	
-12.03581090882	5.9280756485829e-06	
-12.663106660098	3.1657940153682e-06	
-17.277705145079	3.1360862298496e-08	
-13.001578819033	2.2567635715367e-06	
-12.619341421029	3.3074223405752e-06	
-12.095329142452	5.5855416762696e-06	
-13.235107946595	1.7867576549028e-06	
-13.834252546344	9.8143255058105e-07	
-12.303465483642	4.5359977678189e-06	
-15.226679002534	2.4385818185504e-07	
-14.750137408253	3.927323861691e-07	
-10.424040481111	2.9709595571787e-05	
-13.983993264973	8.449458749344e-07	
-18.781529210705	6.9708462196062e-09	
-8.6023430511675	0.00018367492933848	
-14.230547698479	6.603157557822e-07	
-14.610099745896	4.5176678805488e-07	
-13.027621101505	2.1987509661088e-06	
-9.2250571289394	9.8539100522023e-05	
-13.521914277341	1.3412423088387e-06	
-12.999965618733	2.2604071213062e-06	
-7.4106410072242	0.00060478290005077	
-11.086883613524	1.5311848560937e-05	
-14.6846913896	4.1929488170732e-07	
-13.742528103636	1.0757116626658e-06	
-14.060839638641	7.8244700767937e-07	
-12.443967336015	3.9414285035395e-06	
-9.1174655268874	0.00010973243911368	
-14.902852383592	3.3711140466173e-07	
-12.435928809173	3.9732394677089e-06	
-12.537490537468	3.5895254979687e-06	
-13.511878726839	1.3547701800477e-06	
-12.353415822213	4.3149888294112e-06	
-16.400127528788	7.5424964030857e-08	
-14.404080627621	5.5512050112579e-07	
-12.716965772014	2.9997974986819e-06	
-10.703950786632	2.2456043391159e-05	
-10.394563912923	3.059836710772e-05	
-5.8014217227636	0.0030232534602183	
-6.1379916662307	0.0021592557729207	
-10.512053631463	2.7206527510129e-05	
-17.514690656605	2.4743805635619e-08	
-12.623670753863	3.2931343594694e-06	
-9.6771945957211	6.2697148130552e-05	
-7.4946786248088	0.00055603538435703	
-13.315262081323	1.6491309903247e-06	
-11.929893609214	6.5904191388816e-06	
-10.685957210617	2.2863765100127e-05	
-11.518593824993	9.94347674819e-06	
-12.230671422198	4.8785065381742e-06	
-15.029870262171	2.969000573033e-07	
-13.247351715792	1.7650143879628e-06	
-12.916355891738	2.4575248041326e-06	
-11.563129299532	9.5103555082725e-06	
-12.49527525608	3.7443023150032e-06	
-10.876462623177	1.8897845763215e-05	
-15.690320350924	1.5338413881352e-07	
-13.66737457459	1.1596705815605e-06	
-13.468736767413	1.4144967166541e-06	
-11.548999832279	9.645685584481e-06	
-9.9615105176227	4.7181413834146e-05	
-11.521342079193	9.9161870631261e-06	
-12.619664661748	3.306353419769e-06	
-12.609731811428	3.339358579686e-06	
-15.927407663513	1.2100818324491e-07	
-5.0253081703904	0.0065695616385702	
-14.359409451296	5.8048060263369e-07	
-0.60658604849688	0.5452090125919	
-8.425674910404	0.00021916736190311	
-7.8795650812074	0.0003783975932244	
-15.747545269679	1.4485316400064e-07	
-1.8282409379077	0.16069599353073	
-7.0108963033712	0.00090199976054648	
-13.121458772298	2.0018100287694e-06	
-12.399108147136	4.1222635211251e-06	
-4.9855492960764	0.0068360219959075	
-0.069038711653445	0.93329055015854	
-8.0884283905452	0.00030707197532428	
-12.749477050735	2.9038385719016e-06	
-8.3930374106304	0.00022643844621151	
-13.638078794578	1.1941465706045e-06	
-12.792449964944	2.7816953863399e-06	
-1.0251942739383	0.35872676737405	
-0.12835166759842	0.87954401761924	
-10.39247129732	3.0662464770648e-05	
-7.9257251267637	0.00036132774639323	
-16.391656243268	7.6066624443505e-08	
-1.8144885382451	0.16292121505485	
-8.1704625528962	0.00028288713591306	
-13.170619173195	1.9057800212928e-06	
-12.029377557664	5.9663359800236e-06	
-3.9531394865763	0.019194346689197	
-0.0050476539539837	0.99496506404355	
-6.5173908942712	0.0014775190811681	
-13.595327099955	1.2463053543149e-06	
-6.9421729754165	0.00096616785547372	
-13.413275012688	1.4951634698954e-06	
-12.189932499085	5.0813555110427e-06	
-1.3136844444792	0.26882774854169	
-0.093860150203813	0.91041007400159	
-7.2412522706217	0.0007164140538684	
-3.4429559999685	0.03197004207069	
-9.81263688605	5.4755272855059e-05	
-7.9575296969336	0.00035001669768982	
-13.769575815655	1.0470060835286e-06	
-13.654088275625	1.1751811222816e-06	
-3.265178184214	0.038190129599158	
-7.9853568331521	0.00034041100466752	
-15.087397902111	2.8030209571698e-07	
-7.446813600456	0.00058329727234899	
-14.255791267091	6.4385565955395e-07	
-11.699105905302	8.3012379365427e-06	
-6.2882232433345	0.0018580583333013	
-4.5091261000164	0.011008075930966	
-7.1870763126186	0.00075629706744013	
-16.053955717966	1.0662415906991e-07	
-10.090763462151	4.1460745822605e-05	
-6.5138752705924	0.001482722623725	
-12.27849768997	4.650677314362e-06	
-6.0320782827839	0.002400499873276	
-5.7235563388843	0.0032680678545154	
-0.061865820809373	0.94000900797735	
-0.17662792456619	0.83809155979812	
-0.33699407885522	0.71391306707284	
-0.23344223079913	0.79180333626502	
-3.522739055957	0.029518471591175	
-2.1334875596535	0.1184235635749	
-10.614248634176	2.4563507922201e-05	
-9.5723555431472	6.9627180450302e-05	
-7.0174437420045	0.00089611326423274	
-1.5586565228597	0.21041857393426	
-0.17098537823894	0.84283389709738	
-8.7994911076572	0.00015080980152429	
-5.705547922455	0.0033274536989581	
-1.7944781941051	0.16621416125142	
-4.0394179143066	0.017607718634356	
-0.95676447457483	0.38413375198705	
-7.9339105682057	0.00035838219106545	
-9.024706528563	0.00012039813339627	
-5.5230385484677	0.0039936944527982	
-1.9667641081955	0.13990885442741	
-0.065274788298879	0.9368100035783	
-7.5551076611032	0.00052342978584833	
-4.9931600549242	0.0067841921633771	
-3.9089834744696	0.020060883100332	
-13.109394928289	2.0261058082796e-06	
-13.162930769952	1.9204888980229e-06	
-4.0498849861554	0.01742437856902	
-2.5517365564581	0.077946190444323	
-2.6956622483811	0.0674976667491	
-3.9581518310316	0.019098378725165	
-12.05763645176	5.8000938949425e-06	
-12.774407874511	2.8323384658097e-06	
-13.01631007425	2.2237622833982e-06	
-4.5173172079331	0.010918275876119	
-13.842201607632	9.7366200826208e-07	
-13.934280164593	8.8801236935905e-07	
-1.2804186873231	0.27792091412658	
-3.6726087929641	0.025410093729683	
-4.3095744345283	0.013439267665736	
-5.47204718939	0.0042026197867897	
-1.6021539008142	0.20146212091221	
-13.976975780893	8.5089612262556e-07	
-11.18884939672	1.3827524866807e-05	
-14.232992337356	6.5870349371705e-07	
-5.2187662243665	0.0054140046745771	
-13.384299017438	1.5391211020093e-06	
-11.781442439334	7.6451244558719e-06	
-5.3782804289049	0.004615752223793	
-4.6639956849605	0.0094287128681085	
-5.2033385936539	0.0054981775639946	
-10.226727348506	3.6190013458431e-05	
-4.0680733515584	0.017110322347218	
-6.7718654409862	0.001145555689933	
-10.396200289226	3.0548337609557e-05	
-9.8944691664463	5.0452958712797e-05	
-13.266355140209	1.7317897611506e-06	
-11.809180647667	7.4359765055332e-06	
-4.6910566504154	0.0091769841672094	
-10.991232683543	1.6848773661576e-05	
-8.710309698459	0.00016487718435559	
-16.357029601472	7.8746689243884e-08	
-13.168334773823	1.9101385604044e-06	
-8.8286510315381	0.00014647569736845	
-9.0076905150569	0.00012246435926877	
-4.0948461170496	0.016658309515502	
-4.8717399230443	0.0076600258309829	
-11.272331785448	1.2720040889828e-05	
-12.957581406402	2.358272009683e-06	
-13.774691845336	1.0416632480352e-06	
-8.1561801895146	0.00028695642313065	
-8.8777162643505	0.00013946229717906	
-14.773080375535	3.8382451709736e-07	
-0.64027009320274	0.52715002517481	
-0.020295581213617	0.97990898780822	
-14.684831128284	4.192362940858e-07	
-10.424491085892	2.9696211301706e-05	
-8.8467834560306	0.00014384367245617	
-13.397747399217	1.5185609739241e-06	
-13.695889153185	1.1270700674543e-06	
-13.273863951218	1.718834778255e-06	
-13.797281888317	1.0183958259801e-06	
-14.472843551906	5.1823161992891e-07	
-12.822196759228	2.7001674746553e-06	
-14.701507653346	4.1230286297461e-07	
-15.689718906296	1.5347641862766e-07	
-13.372617928759	1.5572051270126e-06	
-12.748624712136	2.9063146806919e-06	
-12.648237822619	3.2132173835494e-06	
-12.882627334222	2.5418272794459e-06	
-10.592955768164	2.5092143515754e-05	
-15.136365135445	2.6690711166954e-07	
-11.590070121989	9.257559268277e-06	
-16.930660616453	4.4371848275415e-08	
-12.48340260967	3.7890220378637e-06	
-12.833439620583	2.669979881544e-06	
-11.774708284787	7.6967816440201e-06	
-13.29295541514	1.6863309660302e-06	
-13.011665388827	2.2341149835671e-06	
-7.1601654996784	0.00077692596158012	
-13.398913173454	1.516791706148e-06	
-13.345681553948	1.5997206240272e-06	
-13.095335567713	2.0547927478845e-06	
-11.792526101052	7.5608563449052e-06	
-12.553155623179	3.5337334082346e-06	
-13.34171982346	1.6060708566437e-06	
-13.033109465773	2.1867164749158e-06	
-13.827462885565	9.8811881773402e-07	
-12.265776999313	4.7102150193435e-06	
-12.532685875961	3.6068134510779e-06	
-8.2182010102385	0.00026969981595142	
-12.989617818717	2.2839187994276e-06	
-12.600054550924	3.3718312926104e-06	
-13.470589900491	1.4118778932643e-06	
-14.561080432603	4.7446383797412e-07	
-13.5708011585	1.2772500897077e-06	
-14.315607165011	6.064720674069e-07	
-8.5643224753646	0.00019079281147553	
-12.698420084428	3.0559498888314e-06	
-13.860282857228	9.5621518794857e-07	
-12.417318885388	4.047873463891e-06	
-14.128868798983	7.3098799577243e-07	
-15.567863116067	1.7336561065334e-07	
-15.525154061157	1.8093028218924e-07	
-13.398477985649	1.5174519390527e-06	
-15.102160189754	2.7619458825027e-07	
-12.836592584004	2.6615747900779e-06	
-12.570682711808	3.4723369717217e-06	
-13.545426514401	1.3100745494397e-06	
-12.932251386677	2.4187700599641e-06	
-12.207631501114	4.9922117940019e-06	
-10.796754985476	2.0465807616899e-05	
-8.3003321933776	0.00024843428517448	
-13.529576679963	1.3310044436687e-06	
-13.454022476829	1.4354639127823e-06	
-12.026406010357	5.9840915973983e-06	
-10.77527977551	2.0910068355179e-05	
-11.030474547743	1.6200401246292e-05	
-12.133628079863	5.37566602573e-06	
-13.448073081706	1.4440295095795e-06	
-10.232945327914	3.5965682864278e-05	
-11.653129164671	8.691811654213e-06	
-11.087749821393	1.5298591059926e-05	
-0.1119135208796	0.89412157700456	
-0.49791673002455	0.60779554391537	
-0.0397357195687	0.96104339055541	
-3.118997155193	0.044201473418539	
-0.039760848228685	0.96101924112624	
-0.26687617340051	0.76576788802842	
-0.062644555923793	0.93927727490507	
-0.37415612062059	0.68786951283037	
-0.2060055535141	0.813828556662	
-0.99925194517389	0.36815473811861	
-0.27973001636307	0.75598781824643	
-0.015198532572896	0.984916382208	
-1.4587832163935	0.23251902801158	
-0.2808091523413	0.75517244462129	
-1.1373267213313	0.32067513098453	
-0.12684067193996	0.88087400936412	
-0.20692788199352	0.81307828545827	
-1.119930583443	0.32630244462913	
-0.13913377173028	0.87011162433511	
-0.49899989879866	0.60713755518192	
-2.8003765449425	0.060787169214152	
-0.16537226878248	0.84757811847601	
-1.6191392759246	0.19806910858566	
-0.028950101494527	0.97146493790574	
-0.23796315796572	0.78823173061927	
-0.022576915733737	0.97767603563164	
-0.69257237927231	0.50028748325878	
-0.10767078119338	0.89792316096655	
-0.62878655539983	0.53323846391738	
-1.0079758115925	0.36495697407573	
-0.50351019708174	0.60440534987137	
-0.17894111199938	0.83615513745151	
-0.37150950040885	0.68969245343771	
-1.6381951925439	0.19433045503621	
-0.13336876878395	0.87514230743148	
-0.060205934930273	0.94157061133906	
-0.38922896405849	0.67757911098853	
-0.10520644095442	0.90013867791618	
-0.21701412420204	0.80491860039177	
-0.13061358176784	0.87755681283374	
-0.010185637171062	0.9898660607569	
-0.068011852530661	0.93424940029193	
-0.47459630173579	0.62213616106469	
-0.53290083990168	0.58689999502084	
-0.25119201498095	0.77787299394994	
-0.085821110284675	0.91775839407404	
-0.12466729272568	0.88279056457268	
-0.33838405063022	0.71292143738809	
-8.2384971305474	0.00026428113118825	
-9.4900763472659	7.5598331338388e-05	
-9.081484835104	0.00011375257817629	
-7.3292247476395	0.00065608201915273	
-11.633381949033	8.8651566406565e-06	
-15.175547695238	2.5665124544914e-07	
-13.416108967802	1.4909322421192e-06	
-8.9768174174981	0.00012630418200239	
-7.613901516781	0.00049354253280262	
-15.821894105193	1.3447411564069e-07	
-8.3286787271939	0.00024149090955028	
-1.6603500012825	0.19007244285937	
-3.4469101791889	0.031843876399886	
-4.3270104784691	0.013206971056249	
-1.5792276066244	0.2061342534636	
-0.88282111953684	0.41361440852441	
-6.9522316543631	0.00095649819673217	
-8.879104409034	0.00013926883763866	
-8.5354293996006	0.00019638581305629	
-3.5578447452269	0.028500183725291	
-12.818039949793	2.7114149168294e-06	
-15.779140092473	1.4034809710065e-07	
-12.817061008313	2.7140705329955e-06	
-10.612332435817	2.461062160093e-05	
-7.9006816803482	0.00037049089799382	
-15.927130030181	1.2104178381413e-07	
-9.1823089434899	0.0001028428005849	
-4.0921239765459	0.016703717550041	
-2.9260591297209	0.053607884131276	
-6.9102362668831	0.00099752208720591	
-0.4693627614329	0.6254006707578	
-1.0002827310238	0.36777544494259	
-10.1081672423	4.0745414904058e-05	
-7.2192668206871	0.00073233915801407	
-7.5680682571517	0.00051668959661862	
-13.167647466864	1.9114518631976e-06	
-14.411642480362	5.5093859305662e-07	
-8.5285749254078	0.00019773655858028	
-5.3151017308441	0.0049167785418725	
-3.2855103619103	0.037421481720108	
-6.5746428626149	0.0013953041446767	
-6.3115051857491	0.0018152988199079	
-9.0492598471642	0.00011747795639088	
-8.9596519810714	0.00012849096324143	
-13.148800391954	1.9478187680505e-06	
-2.6654377257972	0.069568894767537	
-0.009037639236336	0.99100307747185	
-0.010328351804127	0.98972480246531	
-6.2125730216223	0.0020040742979482	
-9.058198590507	0.00011643253044824	
-15.192010604692	2.5246060891648e-07	
-14.658214072585	4.3054496398059e-07	
-13.094862669733	2.0557646850196e-06	
-12.735602529041	2.944408738169e-06	
-6.741631726341	0.0011807189736593	
-7.4475707750608	0.0005828557816312	
-8.1160152466122	0.00029871660403849	
-2.9785388057833	0.050867106310012	
-5.4443299166321	0.0043207342900045	
-6.1632279335336	0.0021054460511041	
-3.4649954209958	0.031273148625882	
-1.9732475764601	0.13900469402465	
-2.5938260804032	0.074733555785579	
-1.3256107508273	0.26564066927613	
-2.0522296612049	0.12844818812551	
-7.1730489986937	0.00076698063955623	
-2.338633966385	0.096459314939299	
-14.404752916815	5.5474742503331e-07	
-15.646439664843	1.6026459564221e-07	
-19.008355789671	5.5561756967404e-09	
-2.2374030344202	0.1067353327521	
-5.5369546094493	0.0039385028726311	
-6.219878349649	0.0019894872243639	
-4.5422400633606	0.010649524205542	
-8.1190297644322	0.00029781747341603	
-18.188308572927	1.2615891684014e-08	
-12.443977147819	3.9413898312048e-06	
-12.103832191044	5.5382488953414e-06	
-7.0375419955792	0.00087828273407576	
-1.5312643562789	0.21626206208911	
-7.7588820040363	0.00042693362403816	
-12.504274957786	3.7107558913957e-06	
-15.354099913496	2.1468373034248e-07	
-8.9325628561968	0.00013201924425458	
-5.2086455162839	0.005469076448041	
-4.8087481251364	0.0081580661857174	
-9.7486579532273	5.8372950416643e-05	
-11.355892660406	1.1700339957263e-05	
-11.510234795266	1.0026942928051e-05	
-1.9484790331248	0.14249063038423	
-6.6124781695726	0.0013434986032123	
-5.7295938848194	0.0032483961887734	
-5.3950848114351	0.0045388354373293	
-3.1606389773294	0.042398640652978	
-2.5326144302654	0.079451029339734	
-1.9014435690409	0.14935286236187	
-2.7502646453675	0.063910945232848	
-1.0811682826508	0.33919901374814	
-5.632221284635	0.0035806129267488	
-5.4280344563746	0.0043917194409754	
-14.857220470655	3.5285082173377e-07	
-15.842257767776	1.3176342360421e-07	
-7.6396909622032	0.00048097706918683	
-3.5847001635925	0.027744985339873	
-5.4363126970059	0.0043555137969365	
-4.4057153429743	0.012207370833788	
-1.6147222700205	0.19894591601397	
-3.2102379982781	0.040347009610436	
-13.507837233194	1.3602565542261e-06	
-13.569451040049	1.2789756932431e-06	
-2.8897493044906	0.055590147064992	
-10.788060406161	2.0644525014916e-05	
-5.3011204920217	0.0049860039980708	
-9.6627346816836	6.3610329856231e-05	
-6.1015973753681	0.0022392878777736	
-11.805603537392	7.4626234446044e-06	
-13.839271297255	9.7651932451517e-07	
-17.380831082566	2.8287917057599e-08	
-1.8041439754673	0.16461531102581	
-2.7591486938726	0.063345671970839	
-1.9118201516523	0.14781110297798	
-5.4111544938258	0.0044664807092128	
-4.8842480403863	0.0075648100554892	
-3.449154748323	0.031772480773992	
-14.052796390958	7.887658005034e-07	
-14.460116293012	5.2486943894235e-07	
-9.6869336446731	6.2089501289809e-05	
-3.2022071107251	0.040672336491016	
-6.2931390668283	0.0018489468600393	
-1.8758696003209	0.15322166728361	
-4.1880058805682	0.015176518508754	
-6.5830538901135	0.0013836174207236	
-13.476963325345	1.4029080104091e-06	
-13.499326189343	1.371883164518e-06	
-4.9572924887017	0.0070319411416859	
-9.9900583732514	4.5853529944454e-05	
-1.7320663901248	0.17691844945466	
-10.303891328951	3.3502472062327e-05	
-7.1514865485219	0.00078369820954813	
-9.6531671258452	6.4221845931385e-05	
-13.808802651558	1.0067304547996e-06	
-15.723489589109	1.4837995505217e-07	
-1.7847594368691	0.16783743164219	
-1.1165134818938	0.32741936043875	
-5.5480238088557	0.003895147197962	
-9.7946669192157	5.5748117265556e-05	
-3.8004095935001	0.022361610809701	
-13.925641632108	8.9571672229924e-07	
-13.018405325232	2.2191078211266e-06	
-13.468356542633	1.4150346456188e-06	
-12.779708768075	2.8173642644529e-06	
-15.701179574549	1.5172751724106e-07	
-2.7315550568384	0.065117948781574	
-6.3349951244869	0.0017731544836156	
-14.641302831641	4.3788792791959e-07	
-12.407743726943	4.0868186492786e-06	
-12.723582846022	2.9800131460746e-06	
-14.105387740016	7.4835547341845e-07	
-13.54739222996	1.3075018449458e-06	
-6.771212847544	0.0011463035160506	
-14.436496924189	5.3741408897275e-07	
-14.312548266357	6.0833004423016e-07	
-13.921819994154	8.9914637659561e-07	
-13.979058429301	8.4912584923905e-07	
-14.165482706971	7.0470771625553e-07	
-9.7621124626889	5.7592830834425e-05	
-10.837441906565	1.9649829302849e-05	
-4.7202054989912	0.0089133466764719	
-12.37840817939	4.2084835401882e-06	
-8.4682287663719	0.00021003659797244	
-10.258766965953	3.5048877665477e-05	
-7.5871187680929	0.00050693956224662	
-15.280530821078	2.3107330916506e-07	
-0.95848139035752	0.38347479253642	
-15.524795469303	1.8099517394871e-07	
-4.6354126475348	0.0097021026634621	
-7.4872925547057	0.00056015750508217	
-5.9490718664744	0.0026082602090803	
-15.037254686376	2.9471569638365e-07	
-1.9016982885617	0.14931482411709	
-13.376229619562	1.5515911276951e-06	
-9.0551813218122	0.00011678436920652	
-12.703179241347	3.0414406969197e-06	
-14.641115920227	4.3796978182051e-07	
-16.23296767671	8.9148022311808e-08	
-8.9543715974038	0.00012917123930381	
-16.65232248743	5.8612228337604e-08	
-5.8628452239109	0.0028431427858754	
-0.034574372137193	0.96601649230371	
-17.631390685578	2.2018326985575e-08	
-0.14196642113736	0.86765039071006	
-0.41863556156051	0.65794393164031	
-9.2509254817281	9.6022743631465e-05	
-1.3242686295948	0.26599743061352	
-4.726537006407	0.0088570900384846	
-6.0691990721246	0.0023130250351413	
-2.7320167789315	0.06508788932606	
-2.6301213308762	0.072069717426304	
-0.26334309174316	0.76847819355345	
-0.083614009732933	0.91978621611236	
-10.200767894765	3.7141786747168e-05	
-5.7630600057483	0.0031414839167328	
-16.061374407481	1.0583607443112e-07	
-13.52899976176	1.3317725459045e-06	
-2.4165228666328	0.08923134795758	
-8.5073927095542	0.0002019697327716	
-7.3687252705244	0.00063067160259625	
-8.7836011021259	0.00015322531050566	
-2.5928025823229	0.074810084593319	
-8.0509998098364	0.00031878304067744	
-0.96926289213567	0.37936256620054	
-0.72279890269187	0.48539178855657	
-6.2493397693163	0.0019317291021214	
-5.6113640392001	0.003656078919963	
-12.476860464345	3.8138916322263e-06	
-16.765998817502	5.2314156825595e-08	
-9.6113734956606	6.6962788012802e-05	
-16.577911409061	6.3139996511882e-08	
-16.380748839928	7.6900855171757e-08	
-15.611710782154	1.6592818176852e-07	
-9.4247381007205	8.0702734321131e-05	
-4.5445816007678	0.010624617118065	
-14.165616558057	7.0461339667489e-07	
-7.4527755270212	0.00057983004279965	
-6.6702669862321	0.0012680601512066	
-15.831072438664	1.3324551424571e-07	
-5.9628048883716	0.0025726857460533	
-0.045642285183376	0.95538365596191	
-0.021583767874048	0.97864749481536	
-5.0320433311569	0.006525463256317	
-13.911318627826	9.086383944264e-07	
-13.694163973491	1.1290161440311e-06	
-15.125797722301	2.6974258481125e-07	
-15.362305567431	2.1292931784087e-07	
-16.492088190426	6.8798204452236e-08	
-3.2283195632479	0.039624028547056	
-4.1942243702397	0.015082436312916	
-6.0287748534543	0.0024084428672998	
-15.24819838706	2.3866656442045e-07	
-16.631966002332	5.981759417246e-08	
-11.872068125606	6.9827472792915e-06	
-13.991784687342	8.3838812501776e-07	
-14.271420271154	6.3387106471172e-07	
-11.977127940185	6.2863625831883e-06	
-6.3216965460019	0.0017968924081673	
-10.426986000602	2.9622214134004e-05	
-7.1388401616895	0.00079367209413982	
-10.632172418753	2.4127159090788e-05	
-7.9224540362399	0.0003625116173794	
-4.1230245508872	0.016195456308192	
-5.7425910106588	0.0032064495580362	
-5.1389187111971	0.0058640269932312	
-9.6109743131563	6.698952372207e-05	
-5.8518081939654	0.0028746964469827	
-16.600681803309	6.171851911689e-08	
-15.896897631883	1.2475704488522e-07	
-11.325415813014	1.2062418919592e-05	
-14.249730032502	6.4777007084606e-07	
-14.630763277022	4.4252747810157e-07	
-12.44677972867	3.9303592318327e-06	
-7.6872197061307	0.00045865158687576	
-11.13452285028	1.4599506221305e-05	
-6.9158479173492	0.00099194001887698	
-10.2073465016	3.6898247487844e-05	
-6.3922742309063	0.0016744437960555	
-3.7198911059877	0.02423660692337	
-8.1897004315766	0.00027749700112954	
-7.4000129575031	0.00061124484087134	
-9.6180044509882	6.6520229670766e-05	
-10.499761120558	2.7543028027131e-05	
-3.0904470558881	0.045481617034295	
-13.781563690746	1.0345296378306e-06	
-4.9475764950325	0.0071005964243563	
-6.5310379087657	0.0014574923204148	
-0.38544260316395	0.68014953323957	
-7.7117427968647	0.00044754082432667	
-8.510266689051	0.00020139010921272	
-7.0390790104309	0.00087693383737224	
-12.052849931365	5.8279227111268e-06	
-14.053041503643	7.8857248769277e-07	
-13.486092170521	1.3901593591526e-06	
-17.377771262403	2.837460555454e-08	
-0.18988448860298	0.82705466266543	
-0.090201060325413	0.91374744844143	
-10.873259815274	1.8958468963398e-05	
-10.860708335907	1.9197925418132e-05	
-5.6038906274013	0.003683504657568	
-1.3083616902788	0.2702624675103	
-13.596351818402	1.2450288963442e-06	
-14.348549438561	5.8681898452915e-07	
-9.6439481195132	6.4816645051443e-05	
-15.518382059983	1.821597003849e-07	
-5.3747496520478	0.0046320782196865	
-12.46006840211	3.8784754681982e-06	
-7.3252493349353	0.00065869540715278	
-14.365117531178	5.7717661167697e-07	
-8.4161938778314	0.00022125517647972	
-6.455192919217	0.0015723359184576	
-1.5797090580904	0.20603503371174	
-0.87920101589502	0.41511444906394	
-10.90416149354	1.8381579782869e-05	
-7.5617740256166	0.0005199520170155	
-14.969742278354	3.1529968219069e-07	
-14.392658283169	5.6149763024971e-07	
-10.878034846434	1.8868157475028e-05	
-9.5838408631942	6.8832064818073e-05	
-14.756367240711	3.9029333453248e-07	
-16.003129762208	1.1218351697201e-07	
-8.5809687979913	0.00018764310106047	
-9.705919752581	6.0921783602657e-05	
-14.71249061778	4.0779933162705e-07	
-4.1231486736201	0.016193446208647	
-2.6358003069935	0.071661595177366	
-0.72646485582827	0.48361562266658	
-2.7902669311834	0.061404820865687	
-4.4430171609256	0.01176040191176	
-8.7647489362273	0.00015614133985008	
-10.514685034817	2.7135030272677e-05	
-14.063090730148	7.8068762887024e-07	
-14.671302181752	4.2494666001209e-07	
-11.001537766434	1.6676037212737e-05	
-9.5203509556907	7.3343919367216e-05	
-13.571077053909	1.2768977508792e-06	
-16.304651939043	8.2981185211691e-08	
-8.6723856173963	0.00017125007936166	
-10.268197489515	3.4719902043114e-05	
-13.367435157224	1.5652967157348e-06	
-5.6787997233339	0.003417658117823	
-5.1575598580555	0.0057557273556826	
-2.6346667673424	0.071742872493793	
-6.2698590116716	0.0018924953841624	
-2.7710560209202	0.06259586728166	
-1.4568610086842	0.23296640772038	
-2.7578675003446	0.063426882047603	
-11.958653160585	6.4035812064721e-06	
-6.6551285542763	0.0012874026315377	
-16.703674106006	5.5678369430293e-08	
-16.137211818283	9.8106538788189e-08	
-15.779423647823	1.4030830628861e-07	
-7.7298318514874	0.00043951801518925	
-7.4075846299796	0.00060663417239663	
-1.9440231209307	0.1431269728118	
-16.546209831646	6.5173699477168e-08	
-13.494369324988	1.3787002850884e-06	
-13.052333719797	2.1450799795043e-06	
-0.12921602703878	0.878784103911	
-0.20375966159847	0.81565838166357	
-0.51083583313219	0.59999387441155	
-4.7588718996092	0.0085752777171987	
-0.52226075570753	0.59317800040598	
-0.16265719779526	0.84988248007197	
-0.96994957709462	0.37910215305347	
-7.2857502601854	0.00068523393970712	
-14.930388610316	3.279552698349e-07	
-0.87586561396573	0.4165013342222	
-0.056347335140131	0.94521077395125	
-2.9751728501974	0.051038611207645	
-14.615474540001	4.4934514832259e-07	
-13.323809801439	1.6350947545539e-06	
-14.225563466291	6.6361513844122e-07	
-6.5443719105808	0.0014381871090614	
-7.4051936132677	0.00060808638027563	
-2.8726082417951	0.056551234761518	
-1.6022512533084	0.20144250902692	
-0.002582976434212	0.9974203565791	
-7.7213495518407	0.00044326199502558	
-4.7268952118566	0.0088539179487298	
-13.053183390041	2.1432581429642e-06	
-15.922726226469	1.2157600350698e-07	
-12.976393684221	2.3143222352993e-06	
-15.5304812325	1.7996899831011e-07	
-6.8133791312306	0.0010989730444213	
-10.525705142386	2.6837640960941e-05	
-10.87462420782	1.8932619807853e-05	
-8.1770698953042	0.0002810241651637	
-14.39627289756	5.5947169652556e-07	
-5.2141552205687	0.0054390263137969	
-12.194987168164	5.0557357447284e-06	
-2.8992332359837	0.055065426060562	
-0.40505326985302	0.66694128204811	
-4.193341743237	0.015095754355039	
-10.602005132507	2.4866099885091e-05	
-0.3540971181372	0.70180680587593	
-12.614530641778	3.3233719536169e-06	
-10.822830771456	1.9939043341128e-05	
-10.311549180276	3.3246894946978e-05	
-10.350423491459	3.1979243972946e-05	
-5.9961075234954	0.0024884194639129	
-6.2054856049125	0.0020183284605431	
-20.345862868344	1.458491917419e-09	
-14.166992011084	7.0364490025855e-07	
-5.5966489510242	0.0037102762247488	
-14.003768652959	8.2840087351969e-07	
-11.084610092689	1.5346699970344e-05	
-8.7182410627631	0.00016357465558426	
-9.2983168112954	9.1578245292719e-05	
-15.591464854005	1.693217892628e-07	
-1.3896958369763	0.24915107565225	
-3.1450157251584	0.043066246817954	
-1.1723483120121	0.30963895794967	
-7.1290232915691	0.00080150183892007	
-7.5695784546136	0.00051590988221079	
-2.0994690781751	0.12252146030528	
-2.7490921126435	0.063985926858171	
-15.029668060907	2.9696009694004e-07	
-13.712641819745	1.1083459160691e-06	
-11.325810538032	1.205765852065e-05	
-9.062167100111	0.00011597138247324	
-8.2333355993262	0.00026564875297306	
-8.234996068771	0.00026520801735098	
-15.154537823267	2.621004988684e-07	
-14.378035185564	5.6976879252012e-07	
-8.120892722053	0.00029726316856786	
-10.628223142369	2.4222632311373e-05	
-12.884848747093	2.5361870985169e-06	
-0.035998533749183	0.96464170788878	
-1.0844481168584	0.33808831966157	
-3.5452673562553	0.02886090533454	
-5.547237254963	0.0038982121463686	
-7.1380376614011	0.0007943092718577	
-6.2085248847037	0.0020122035080778	
-5.3240173993659	0.0048731370099994	
-12.720995273705	2.9877341305921e-06	
-14.169899376422	7.0160211846084e-07	
-13.159106520562	1.9278473879017e-06	
-15.283457504787	2.3039801933747e-07	
-4.2199590548508	0.014699246355416	
-6.7835152870633	0.0011322875782627	
-8.2418889437455	0.00026338625743971	
-21.434725732682	4.9092697185829e-10	
-3.7042861503423	0.024617784493783	
-0.58991504392149	0.55437438020733	
-3.5447962670627	0.028874504598112	
-2.0688848769691	0.12632657286153	
-2.695188430974	0.067529655896455	
-6.2455314008455	0.0019390998647095	
-3.783783603308	0.022736502569361	
-12.632960766231	3.2626827673825e-06	
-13.683949655349	1.1406073715785e-06	
-12.410431636898	4.0758483988769e-06	
-14.940829090024	3.2454907160756e-07	
-4.0823418376681	0.016867917438591	
-9.0809393898132	0.00011381464090874	
-12.168108600737	5.1934694287659e-06	
-18.66381353555	7.8416737601842e-09	
-3.8861120106402	0.020524992056898	
-2.8528670741816	0.057678714432326	
-6.7242570937448	0.0012014127851306	
-13.119076488052	2.0065845941929e-06	
-12.735602442944	2.9444089916749e-06	
-9.277204213727	9.3532254454726e-05	
-11.595714776026	9.2054507545982e-06	
-10.740545974833	2.164911515406e-05	
-11.632437450224	8.8735337259986e-06	
-12.361691559459	4.2794264709721e-06	
-8.789509962472	0.00015232259318618	
-13.376247748633	1.5515629990439e-06	
-13.911304766113	9.0865098979855e-07	
-11.945440903733	6.488748352324e-06	
-6.4401418449557	0.0015961802544364	
-5.508711283544	0.004051325029701	
-4.3349662540319	0.013102316215876	
-10.930822863369	1.7897977087616e-05	
-14.340791060127	5.9138945507801e-07	
-13.625992493565	1.2086669576349e-06	
-5.5007290569043	0.0040837930353752	
-4.7807048424018	0.0083900831965019	
-10.622704307543	2.4356682578549e-05	
-6.6160206463162	0.001338747710587	
-2.0284035668044	0.13154535698409	
-0.43940264138414	0.6444212567192	
-0.03805024664026	0.96266456901566	
-0.093658292425175	0.91059386590607	
-0.021908044961815	0.97833019330537	
-0.25718291963779	0.77322676246941	
-0.037906283612081	0.96280316709839	
-0.078960824718287	0.92407612467851	
-0.72023269866449	0.48663900253754	
-2.0119001250784	0.13373432115611	
-0.69154118433963	0.50080364326145	
-0.24241796433616	0.78472812063055	
-0.10410113721645	0.90113415461227	
-0.61171016559902	0.54242244321727	
-0.097517406444297	0.90708655226684	
-1.7960143504214	0.16595902633148	
-0.049504664417292	0.95170071899682	
-0.01458429016035	0.98552154546221	
-0.10117462872783	0.90377519399229	
-0.27664683652971	0.7583222615469	
-0.045904555723236	0.95513311983024	
-0.084924832073753	0.91858132966007	
-0.018254442240355	0.98191116089511	
-0.2200282460526	0.80249613029444	
-0.51272461545994	0.59886168614998	
-1.8964670926603	0.15009796581091	
-1.2266023602183	0.29328737158938	
-0.71697164350399	0.48822854955966	
-0.19568723626278	0.82226937050603	
-0.18104725758124	0.83439592623079	
-0.15180474206459	0.85915602139517	
-1.0857322354789	0.33765445278279	
-0.065346161542678	0.93674314279558	
-0.18041221824557	0.83492596874657	
-0.026115024581941	0.9742230235677	
-0.055177503870915	0.94631715808583	
-0.95011422758823	0.38669684948311	
-0.30450357899828	0.73748938875663	
-0.82446271022407	0.43847051491209	
-0.28760943292525	0.75005448162363	
-0.073177429844652	0.92943590572661	
-0.099224788882321	0.90553913001444	
-0.42672040669072	0.65264600217635	
-0.54982521289081	0.57705066258356	
-0.95482391464647	0.3848799103016	
-3.5890408461919	0.027624814165932	
-0.32699919596656	0.72108432280228	
-0.18396233182457	0.83196714192069	
-0.68724018810822	0.50296223656705	
-3.038807490511	0.047891967079843	
-0.16541574030907	0.84754127376215	
-0.65405084395622	0.51993532821614	
-0.73931911398143	0.47743888633687	
-0.74320151559426	0.47558887041071	
-0.72154902210421	0.4859988496284	
-0.15641209681229	0.85520668979311	
-0.060582643194969	0.94121598070831	
-0.53216496654162	0.58733203803717	
-0.26565331448541	0.76670488690914	
-0.20045092145593	0.81836165303861	
-0.47184954975764	0.62384736384471	
-3.6369900136025	0.026331482206693	
-1.7425030850376	0.17508160752573	
-4.672495886596	0.0093489065728893	
-2.4461802972278	0.086623832670527	
-4.88138475374	0.0075865013144291	
-7.8377450931042	0.00039455772926799	
-8.0036622486811	0.00033423632721557	
-7.0109848132288	0.0009019199282092	
-6.1913282696788	0.0020471058380078	
-13.160733887693	1.9247126238264e-06	
-3.4259950635245	0.032516908495857	
-3.8724825475065	0.020806651754558	
-13.448333844534	1.4436530094504e-06	
-15.991646529639	1.1347917130023e-07	
-11.352996656855	1.1734273295154e-05	
-8.9683141663754	0.00012738275737957	
-5.5249640820586	0.0039860118588975	
-2.8430089990534	0.05825012742102	
-2.0508870446637	0.12862076061099	
-0.077863845270301	0.92509037339895	
-0.12649256462356	0.88118070142938	
-0.85592700237716	0.42488913522675	
-0.13676167511144	0.87217806310445	
-8.861926186429	0.00014168189541632	
-14.988106087235	3.0956241931649e-07	
-18.726439539412	7.3656426067556e-09	
-13.713482878713	1.1074141236974e-06	
-16.623553574895	6.0322927904409e-08	
-7.4404840106465	0.00058700101403732	
-5.9761927262624	0.0025384725775307	
-11.563783875131	9.5041322986214e-06	
-15.321436043957	2.2181191498854e-07	
-16.607478351247	6.1300468502833e-08	
-5.3787260956715	0.0046136955947433	
-6.5971711408786	0.00136422177535	
-4.7690011621722	0.0084888549162001	
-0.40167292296617	0.66919958971581	
-7.9334838520921	0.00035853515115413	
-11.072951634959	1.5526665847132e-05	
-14.72121854537	4.0425557590697e-07	
-16.51561634701	6.7198403508769e-08	
-8.6150319598759	0.00018135901918767	
-0.15481003149225	0.85657788485104	
-0.041690681715593	0.95916642240399	
-4.463914625763	0.011517189439305	
-11.495857502343	1.0172144525426e-05	
-7.5844342084964	0.00050830230007035	
-11.490982335449	1.02218565063e-05	
-12.780801674495	2.8142868309401e-06	
-16.013116054942	1.1106879476661e-07	
-0.053894792209874	0.94753178898361	
-0.009037639236336	0.99100307747185	
-9.6219309459758	6.6259550435162e-05	
-16.062680868916	1.0569789396479e-07	
-14.984934795554	3.1054569033731e-07	
-12.995544131423	2.2704236102805e-06	
-8.1057606270516	0.00030179558909814	
-9.7966988634857	5.5634955206549e-05	
-3.5465934621856	0.028822658082379	
-3.6500123521193	0.025990807735215	
-5.0842812090873	0.0061933372052656	
-0.65028062278924	0.52189929937244	
-2.6426622772408	0.071171538742648	
-2.8266016706375	0.059213739928341	
-15.135732950255	2.6707589973971e-07	
-12.824907755126	2.6928572451836e-06	
-5.3896229706443	0.0045636936578882	
-0.050363100699602	0.95088409512966	
-1.9419260853601	0.14342743008959	
-10.143870049788	3.9316351780363e-05	
-2.343933959889	0.095949433574229	
-14.851788770546	3.5477261616118e-07	
-14.687807799552	4.1799022094972e-07	
-10.595186267361	2.5036237881698e-05	
-0.25673176309662	0.77357568748509	
-10.675274714954	2.310931638683e-05	
-6.5227375641709	0.001469640355612	
-10.785299748767	2.0701596216311e-05	
-0.45513133500444	0.63436464819306	
-6.805445879741	0.0011077261483429	
-9.8167013196323	5.4533175341304e-05	
-2.5216784363941	0.080324673687265	
-8.055946266455	0.00031721008767505	
-8.7785880876932	0.00015399535971996	
-3.6062277276562	0.027154086516798	
-10.377760616611	3.1116864570334e-05	
-2.9593097646492	0.05185469676795	
-11.864822790762	7.0335233441292e-06	
-13.261925917584	1.7394772557863e-06	
-14.648251425907	4.3485576919465e-07	
-9.9359107266897	4.8404841091609e-05	
-9.2763773778975	9.3609622254749e-05	
-6.6686433578781	0.0012701206819382	
-15.823668439959	1.3423572509706e-07	
-5.5493666941231	0.0038899199727428	
-14.065847454865	7.7853845169277e-07	
-4.5563023175268	0.010500815926764	
-7.6232210920324	0.00048896429279124	
-15.364535632803	2.1245500061822e-07	
-2.9695479846618	0.051326505456968	
-7.5595852570158	0.0005210913180426	
-7.3611648226642	0.00063545783258717	
-3.1165022145045	0.044311891158642	
-8.3899626074888	0.00022713577137671	
-9.0931714466028	0.00011243093380247	
-11.678163661804	8.4769176254436e-06	
-13.43332483009	1.4654842411318e-06	
-4.3645287806638	0.012720647978473	
-5.7464090654695	0.0031942304992379	
-5.0939968048421	0.0061334566034902	
-4.6120997525774	0.0099309438749486	
-10.353419127524	3.1883589141432e-05	
-10.303968002851	3.3499903395595e-05	
-13.657560631985	1.1711075511755e-06	
-14.82047121023	3.6605903811454e-07	
-0.073174567373069	0.92943856621429	
-0.27716326695294	0.75793074196544	
-2.0461062527319	0.12923714192699	
-8.460285987117	0.00021171151524913	
-7.2053323129396	0.00074261537441612	
-8.5701947048283	0.00018967571543873	
-10.99036961457	1.6863321592393e-05	
-6.2696737519913	0.0018928460197305	
-17.000360163106	4.1384469344345e-08	
-8.0992152393768	0.00030377743713365	
-5.3091183069574	0.0049462859015325	
-4.4487704922978	0.011692934689236	
-9.507895854891	7.4263137872419e-05	
-13.87446298003	9.4275162226498e-07	
-12.138313974943	5.3505351450692e-06	
-10.376747515812	3.114840506484e-05	
-2.8750715263987	0.056412104404799	
-0.063536086243555	0.93844025390607	
-2.7472938642834	0.064101092963812	
-2.9987857824416	0.049847557416459	
-7.5409746644849	0.00053087993973306	
-9.3195038372583	8.9658384518763e-05	
-12.833891904027	2.6687725668915e-06	
-8.0347859114573	0.00032399388640922	
-15.487571090544	1.8785957578185e-07	
-6.9294435443282	0.00097854523396923	
-5.0113795152533	0.0066617070380454	
-4.4347685260886	0.011857810363737	
-8.0908408217621	0.00030633207813954	
-14.466964896363	5.212870973642e-07	
-13.44989988224	1.4413939637402e-06	
-9.2078649007242	0.00010024785377608	
-3.2863206347193	0.037391172392068	
-0.097838323725473	0.90679549922117	
-6.1933220547944	0.0020430284149612	
-8.371134111396	0.00023145291144893	
-9.2126428827233	9.9770013799746e-05	
-4.1686289970293	0.015473459747496	
-5.4576081978454	0.0042637415850117	
-11.349048622207	1.1780692184089e-05	
-2.5866564709234	0.075271291569938	
-4.0030579131473	0.018259716801794	
-1.0384593349739	0.35399965692972	
-8.0390886481977	0.00032260282085109	
-0.3196174853936	0.7264268528177	
-9.992947152517	4.5721260358698e-05	
-4.5865808654026	0.010187631776293	
-3.1485707418028	0.042913417410206	
-1.8548686318045	0.15647349696577	
-8.2379650551158	0.00026442178610139	
-0.11957940442568	0.88729354998701	
-4.2072452912751	0.014887322140481	
-11.834483806426	7.2501833016852e-06	
-10.935365575442	1.781685612511e-05	
-12.299249624463	4.5551612625585e-06	
-9.3508941996362	8.6887689406393e-05	
-16.32023725933	8.1697922865211e-08	
-10.993802893846	1.6805524373611e-05	
-10.671694459265	2.3192201935478e-05	
-0.21642905394672	0.80538967211441	
-15.253548363701	2.3739311337998e-07	
-15.861135510404	1.292993587725e-07	
-15.025502821583	2.9819958640666e-07	
-5.240518627525	0.0052975086894797	
-5.3525524081195	0.004736047233694	
-3.1436831306251	0.04312367491872	
-4.6882622750587	0.0092026639684069	
-1.3694946931292	0.25423539399204	
-0.099753132903064	0.90506082019674	
-3.2631113852265	0.038269142544158	
-4.020485783808	0.017944245797811	
-6.6942459733673	0.0012380150187054	
-4.1063974726399	0.01646699058263	
-0.21318201504247	0.80800905402894	
-0.27472409889129	0.75978171892843	
-6.6877119418795	0.0012461307331127	
-12.941893285509	2.3955605952129e-06	
-17.045868418349	3.9543345259324e-08	
-2.4810059922643	0.083659022915787	
-6.5965706113515	0.0013650412768505	
-7.8722729025423	0.00038116702139092	
-14.989068316462	3.0926469257287e-07	
-13.872026051174	9.4505184249559e-07	
-13.155016446268	1.935748574149e-06	
-8.0452675051621	0.00032061564971008	
-6.3432586981124	0.0017585622659611	
-6.8135377807068	0.0010987987067531	
-3.4572195745213	0.031517271730212	
-2.7250598094556	0.065542282552558	
-11.0948943901	1.5189678753986e-05	
-8.7194442756297	0.00016337795881179	
-7.4893345503007	0.00055901483298704	
-8.4560894045645	0.0002126018469688	
-0.19369957338914	0.82390539019508	
-4.6032454916642	0.010019265477369	
-5.3636268202776	0.0046838876460948	
-6.7054167174398	0.0012242624261296	
-13.434433010604	1.4638611195744e-06	
-10.078983744213	4.1952029625259e-05	
-17.429110736857	2.6954630481442e-08	
-1.8315428591846	0.16016626305603	
-5.7011506416025	0.0033421176645553	
-8.5831003790851	0.0001872435505623	
-3.2711971551848	0.037960954708118	
-12.972529633204	2.3232821942069e-06	
-5.5734033471576	0.0037975340877918	
-13.06451802481	2.1191022524128e-06	
-4.9367798691363	0.0071776742490823	
-4.6286289083449	0.0097681429442863	
-2.9230657459957	0.053768593511601	
-0.035644126789006	0.96498364421286	
-0.16547463348371	0.84749136083567	
-1.9582272930846	0.14110834307182	
-3.7795640955907	0.022832642105532	
-0.76976208651413	0.46312323846928	
-10.340557763784	3.2296303927122e-05	
-11.605605574186	9.1148502932594e-06	
-11.764249277852	7.7777047867838e-06	
-9.8664366810538	5.1887290558152e-05	
-1.8347818228558	0.15964832958529	
-11.214075179355	1.3483077472966e-05	
-7.008328943969	0.00090431849334909	
-12.615783893758	3.319209539958e-06	
-14.832092455864	3.6182959938895e-07	
-2.0120633233188	0.13371249773105	
-3.7845672838005	0.022718691395874	
-10.126866430784	3.9990588030158e-05	
-5.435831559804	0.0043576099008741	
-2.947894275849	0.052450035051868	
-12.214976638081	4.9556776529963e-06	
-10.127617590826	3.9960559977724e-05	
-12.516658334873	3.665087549658e-06	
-3.5871103653088	0.027678194850195	
-12.474526285929	3.8228043336246e-06	
-2.73237340843	0.065064681203326	
-0.33512055615488	0.71525185314151	
-0.15594407664633	0.85560703744808	
-2.4121099281051	0.089625990537138	
-9.0329291900452	0.00011941219935826	
-14.260063064925	6.4111110460756e-07	
-14.066847821469	7.7776001725096e-07	
-15.958337998409	1.1732265080826e-07	
-14.798720041344	3.741084750504e-07	
-16.731669868101	5.4141228161356e-08	
-15.6321073664	1.6257809493578e-07	
-14.453106200199	5.2856174902172e-07	
-3.416280592764	0.032834332358786	
-2.7364292539557	0.064801323337615	
-15.675442524768	1.5568322163496e-07	
-14.317782590426	6.0515416667525e-07	
-17.140106423972	3.5987059409034e-08	
-12.869158322283	2.5762947819477e-06	
-12.531362927158	3.6115882383216e-06	
-13.157478776127	1.9309879861095e-06	
-12.583150910012	3.4293119656524e-06	
-13.034829888537	2.1829576324404e-06	
-14.868726146737	3.4881430045654e-07	
-3.8354365253702	0.021591910995718	
-13.716496832266	1.1040814537434e-06	
-13.370446218241	1.5605906005694e-06	
-14.640536762766	4.3822350875414e-07	
-7.2998854336244	0.00067561617365641	
-13.988411197472	8.4122119484457e-07	
-4.2402213916557	0.014404402475562	
-13.594958872036	1.2467643632466e-06	
-13.697078978331	1.1257298486178e-06	
-8.3138594753068	0.00024509627257778	
-15.162140355944	2.6011542661071e-07	
-12.767100443193	2.8531113905417e-06	
-13.332757351884	1.6205299187256e-06	
-13.828984824313	9.8661610522615e-07	
-12.425844506368	4.013509524075e-06	
-3.4227098684159	0.032623908546384	
-6.4675635213761	0.0015530049904796	
-9.206154476099	0.00010041946689762	
-15.149543939727	2.6341267192846e-07	
-17.658427237581	2.1431002730591e-08	
-15.001356641721	3.054876020271e-07	
-3.5117668851972	0.029844136661231	
-7.0957323074674	0.00082863374198629	
-0.17662792456619	0.83809155979812	
-3.2631113852265	0.038269142544158	
-4.020485783808	0.017944245797811	
-6.6942459733673	0.0012380150187054	
-4.1063974726399	0.01646699058263	
-0.21318201504247	0.80800905402894	
-0.27472409889129	0.75978171892843	
-6.6877119418795	0.0012461307331127	
-12.941893285509	2.3955605952129e-06	
-17.045868418349	3.9543345259324e-08	
-2.4810059922643	0.083659022915787	
-6.5965706113515	0.0013650412768505	
-7.8722729025423	0.00038116702139092	
-14.989068316462	3.0926469257287e-07	
-13.872026051174	9.4505184249559e-07	
-13.155016446268	1.935748574149e-06	
-8.0452675051621	0.00032061564971008	
-6.3432586981124	0.0017585622659611	
-6.8135377807068	0.0010987987067531	
-3.4572195745213	0.031517271730212	
-2.7250598094556	0.065542282552558	
-11.0948943901	1.5189678753986e-05	
-8.7194442756297	0.00016337795881179	
-7.4893345503007	0.00055901483298704	
-8.4560894045645	0.0002126018469688	
-0.19369957338914	0.82390539019508	
-4.6032454916642	0.010019265477369	
-5.3636268202776	0.0046838876460948	
-6.7054167174398	0.0012242624261296	
-13.434433010604	1.4638611195744e-06	
-10.078983744213	4.1952029625259e-05	
-17.429110736857	2.6954630481442e-08	
-1.8315428591846	0.16016626305603	
-5.7011506416025	0.0033421176645553	
-8.5831003790851	0.0001872435505623	
-3.2711971551848	0.037960954708118	
-12.972529633204	2.3232821942069e-06	
-5.5734033471576	0.0037975340877918	
-13.06451802481	2.1191022524128e-06	
-4.9367798691363	0.0071776742490823	
-4.6286289083449	0.0097681429442863	
-2.9230657459957	0.053768593511601	
-0.035644126789006	0.96498364421286	
-0.16547463348371	0.84749136083567	
-1.9582272930846	0.14110834307182	
-3.7795640955907	0.022832642105532	
-0.76976208651413	0.46312323846928	
-10.340557763784	3.2296303927122e-05	
-11.605605574186	9.1148502932594e-06	
-11.764249277852	7.7777047867838e-06	
-9.8664366810538	5.1887290558152e-05	
-1.8347818228558	0.15964832958529	
-11.214075179355	1.3483077472966e-05	
-7.008328943969	0.00090431849334909	
-12.615783893758	3.319209539958e-06	
-14.832092455864	3.6182959938895e-07	
-2.0120633233188	0.13371249773105	
-3.7845672838005	0.022718691395874	
-10.126866430784	3.9990588030158e-05	
-5.435831559804	0.0043576099008741	
-2.947894275849	0.052450035051868	
-12.214976638081	4.9556776529963e-06	
-10.127617590826	3.9960559977724e-05	
-12.516658334873	3.665087549658e-06	
-3.5871103653088	0.027678194850195	
-12.474526285929	3.8228043336246e-06	
-2.73237340843	0.065064681203326	
-0.33512055615488	0.71525185314151	
-0.15594407664633	0.85560703744808	
-15.88767029573	1.2591354758974e-07	
-8.3622386974737	0.00023352096536077	
-15.140239537003	2.6587500702509e-07	
-9.1073080370479	0.00011085272526457	
-15.531867520591	1.7971968228285e-07	
-11.74735957335	7.9101835365491e-06	
-0.69110688948143	0.50102118694431	
-2.7595822432859	0.063318214444453	
-0.62236897214054	0.53667157049748	
-19.373267998935	3.8574171909968e-09	
-13.376942347305	1.5504856596484e-06	
-10.291224030512	3.3929557170793e-05	
-3.6281684016996	0.026564795911974	
-14.322597702522	6.0224728562289e-07	
-6.3008368341458	0.0018347687372843	
-14.861150691611	3.514667616524e-07	
-3.5455840456039	0.028851766840335	
-10.048546341114	4.3248572058755e-05	
-1.3271567946342	0.26523029447499	
-0.088231286420246	0.91554909816004	
-1.9918238135811	0.1364463456787	
-0.29763927687315	0.74256915330848	
-9.4000857866048	8.2716969244303e-05	
-14.004457662505	8.2783029400021e-07	
-16.633514646037	5.9725029724994e-08	
-12.674787270123	3.1290307368015e-06	
-0.29822276691516	0.74213599798522	
-2.1958084277124	0.11126857253746	
-3.0707706775966	0.046385392895617	
-16.091337386605	1.0271194813586e-07	
-14.403237670503	5.5558864118721e-07	
-9.2878271797607	9.2543923290984e-05	
-4.4410860769293	0.011783134177575	
-13.928394948741	8.9325392253867e-07	
-5.7176663331878	0.0032873735924352	
-13.932813757356	8.8931551235964e-07	
-3.8208123578339	0.021909994906821	
-8.9367041325413	0.00013147364659642	
-0.77070666573802	0.46268598842128	
-1.3249348452858	0.26582027796895	
-0.060395901536666	0.94139176135364	
-0.21377081857025	0.80753343548412	
-0.017175236205855	0.98297141735998	
-0.054242172159515	0.94720269260252	
-7.2909471735147	0.00068168207567098	
-10.339648338878	3.2325688349713e-05	
-16.685198124733	5.6716643976321e-08	
-4.1851015484031	0.015220660229695	
-4.5756051267877	0.010300064446877	
-0.9934975514843	0.37027935249149	
-6.0122417907671	0.0024485927902483	
-10.968573043822	1.7234919239965e-05	
-5.3968098232411	0.0045310126417616	
-12.781547340191	2.8121890959941e-06	
-7.5310847280571	0.00053615635729744	
-14.323642663009	6.0161828970099e-07	
-14.801537965738	3.7305574959954e-07	
-0.16930051657078	0.84425515259646	
-0.36750209383928	0.69246187690325	
-0.12523066444266	0.88229336540371	
-2.1780354329393	0.1132638265942	
-4.7830314169253	0.0083705857326326	
-3.8396994434152	0.021500062359407	
-6.1655196122109	0.002100626569743	
-6.5579597096291	0.001418777477347	
-14.858720241933	3.5232202284355e-07	
-12.297526604096	4.5630166637531e-06	
-12.754227757548	2.8900760030641e-06	
-4.0292026035248	0.017788508794042	
-1.1290833961284	0.32332948569745	
-9.9276714721086	4.8805308410932e-05	
-12.453166946926	3.9053351717345e-06	
-15.368663175701	2.1157989075845e-07	
-9.7215270465793	5.997834086003e-05	
-0.99149922732266	0.37102003047902	
-0.75060178358933	0.47208237581651	
-20.209233785408	1.672019289767e-09	
-2.6474868917626	0.070828990499362	
-12.134117789415	5.3730341552063e-06	
-13.920171338627	9.0062998187984e-07	
-14.884441750324	3.4337532353045e-07	
-14.720437356654	4.0457149918285e-07	
-1.1535791573357	0.31550550226233	
-1.1004218801507	0.33273068161362	
-8.4460503471012	0.00021474691835933	
-3.597569910692	0.027390202276311	
-8.7547723944573	0.0001577068868365	
-14.077491068688	7.6952602106696e-07	
-15.66712113637	1.5698412735326e-07	
-11.023619604692	1.6311835575878e-05	
-1.6807195638039	0.1862399163103	
-1.7772710641441	0.16909897845874	
-16.291897750313	8.4046320941301e-08	
-3.375044835724	0.03421658415195	
-12.498964443458	3.7305143310306e-06	
-13.888064192187	9.3001586464417e-07	
-12.763648987846	2.8629757905816e-06	
-14.397870258975	5.5857873140859e-07	
-1.6673625500538	0.18874421316456	
-4.9476318858336	0.0071002031275248	
-6.3859519106138	0.0016850637018945	
-6.7759918950706	0.0011408383466214	
-3.3286577259823	0.035841181481242	
-13.277202950336	1.7131051613626e-06	
-7.9853133912265	0.00034042579309829	
-6.797843459812	0.0011161796404722	
-7.8175918291814	0.00040259002191503	
-6.9336155106807	0.00097447128028664	
-7.017412729839	0.00089614105507652	
-5.7510130857557	0.0031795579993819	
-7.4680869117623	0.00057101966360634	
-14.654429568342	4.321774503507e-07	
-14.879017721113	3.4524286152753e-07	
-13.214659112941	1.8236708950431e-06	
-14.013309183756	8.2053507110196e-07	
-12.751763071497	2.8972079184287e-06	
-10.165635648076	3.8469853549744e-05	
-13.602925981751	1.2368707189834e-06	
-13.123620898688	1.9974865381292e-06	
-2.1887521847279	0.1120564872113	
-7.7212740210994	0.00044329547619706	
-6.3392099073909	0.0017656967498165	
-10.581319465882	2.538582867341e-05	
-11.548048644601	9.6548648066399e-06	
-16.453235889177	7.1523777564756e-08	
-4.5073412753922	0.011027740960047	
-13.545947955022	1.3093916014269e-06	
-12.075846550652	5.6954294784957e-06	
-1.4792090877044	0.22781780104778	
-6.4853378423196	0.0015256452520397	
-13.728461778901	1.0909498939342e-06	
-13.482508585269	1.3951500506733e-06	
-14.324295164232	6.0122586107546e-07	
-8.6652794091594	0.00017247135225661	
-1.609706841235	0.19994622147145	
-6.3243941978675	0.0017920515504204	
-12.062924423952	5.7695041099579e-06	
-15.203924074922	2.4947077199686e-07	
-14.018982842539	8.1589281682548e-07	
-12.535088974819	3.5981563279231e-06	
-12.054354349804	5.8191616685323e-06	
-10.675191790882	2.3111232784892e-05	
-13.281437292696	1.70586662365e-06	
-11.165709862023	1.4151217969115e-05	
-2.8389205322944	0.058488768636608	
-4.1181004286636	0.016275401382643	
-9.1468116966657	0.00010655900414886	
-14.022258493105	8.1322460950194e-07	
-6.0196566985408	0.0024305038473337	
-13.987590809231	8.4191160598452e-07	
-5.4140478668178	0.0044535761923525	
-7.9617138528208	0.00034855523289399	
-12.734022800192	2.9490637814816e-06	
-2.6353503973639	0.07169384367302	
-5.1249948272528	0.0059462481148308	
-13.04099997736	2.1695300572167e-06	
-15.044597976118	2.9255944032958e-07	
-11.610330889514	9.0718813523032e-06	
-13.055339890019	2.1386411868492e-06	
-15.213543170412	2.4708259329293e-07	
-12.44246390443	3.9473586282935e-06	
-10.208333077336	3.6861862523392e-05	
-14.25735504876	6.4284959671209e-07	
-9.0129783610005	0.00012181849572177	
-0.017818917829977	0.98233890031322	
-0.01631595236287	0.98381643181867	
-0.046426392627669	0.95463482614499	
-0.1386363747013	0.87054452292425	
-1.2684282482583	0.28127336643457	
-1.1008955015619	0.33257313055138	
-0.10471260979219	0.90058330422178	
-0.51224745710002	0.59914750619526	
-0.028017132795334	0.97237170721309	
-0.50556504127006	0.60316466619318	
-0.2417439010528	0.7852572553592	
-1.2813996763808	0.27764841043435	
-0.14417165084873	0.86573913044788	
-0.32140893709161	0.72512665916353	
-0.63406096666456	0.5304333491241	
-0.023663142381718	0.97661463443414	
-0.92552862213044	0.39632185918533	
-0.0067218078792095	0.99330073293808	
-0.22058486617382	0.80204956909511	
-0.14091127927697	0.86856636811555	
-1.7677400258956	0.17071837228357	
-3.6762951716916	0.025316594942548	
-0.35718686866066	0.69964174440242	
-0.47154529280744	0.62403720261945	
-0.17875307295085	0.83631238205158	
-0.069758963043125	0.93261858836257	
-1.703120637904	0.18211432351944	
-0.19441043363917	0.82331991672297	
-0.13293588713875	0.87552122248007	
-0.36139585835708	0.69670314810806	
-0.7761738263632	0.46016331202563	
-0.014633849141394	0.98547270522886	
-4.2218870478568	0.014670933613403	
-0.64163585270316	0.52643055644224	
-1.9693925376171	0.13954159674497	
-0.64287683498154	0.52577767064454	
-0.50971332046826	0.60066775328188	
-0.31025867669905	0.73325725512341	
-0.69584752476414	0.49865164922284	
-0.20306968980596	0.8162213571355	
-2.070708620439	0.12609639555518	
-0.66633110286353	0.51358943214306	
-2.2642830320187	0.10390450404399	
-0.61490493841454	0.54069229193287	
-0.72112612136829	0.48620442236493	
-0.81343645411116	0.4433319555988	
-1.6343307572526	0.1950828854277	
-0.1391452334271	0.87010165143662	
-0.38783963224043	0.67852114745577	
-3.7910266984874	0.022572414885927	
-1.392509556525	0.24845101974246	
-0.58099326878092	0.55934251309905	
-0.50968862621372	0.60068258650742	
-0.38948371929472	0.6774065161477	
-3.6915664395922	0.024932915530902	
-3.3768484745206	0.034154925415047	
-3.6379344838653	0.026306624645235	
-1.1559823153611	0.31474820300188	
-15.32094646367	2.2192053631698e-07	
-11.854637663074	7.1055267369153e-06	
-16.559220801633	6.4331219058018e-08	
-10.336866662044	3.2415733147847e-05	
-15.888360970104	1.2582661235451e-07	
-8.4350294816346	0.00021712670482191	
-9.7254715754817	5.9742220558827e-05	
-9.5654298162515	7.0111073006275e-05	
-8.1809452892778	0.00027993719338992	
-16.361178523243	7.8420652209239e-08	
-9.9564118260787	4.7422591633014e-05	
-4.3711903772607	0.01263618977875	
-6.6724627635545	0.0012652788281837	
-6.354703630672	0.0017385503752353	
-0.17798591482679	0.83695421205079	
-1.043483943995	0.35222540824584	
-13.110810104535	2.0232405393765e-06	
-11.576451272516	9.3844989989934e-06	
-16.663706759723	5.7948754519372e-08	
-10.595791333502	2.5021093883898e-05	
-15.58924015527	1.6969889855498e-07	
-7.8891911657569	0.00037477258132578	
-7.0402831712547	0.00087587850352358	
-9.2715800783335	9.4059774549157e-05	
-7.1469364725269	0.000787272220804	
-17.12867505512	3.6400801070287e-08	
-7.1146732156009	0.00081308637186677	
-5.4012500636071	0.0045109384566159	
-5.927873450742	0.0026641413970496	
-5.4837747971334	0.0041536209913555	
-1.7570990146381	0.17254468809551	
-0.13105664761513	0.87716808350362	
-0.049558228243274	0.95164974363035	
-15.56930912731	1.7311510319322e-07	
-9.5602025313062	7.0478523109196e-05	
-15.486008992553	1.8815326016982e-07	
-12.403302590264	4.1050091327955e-06	
-7.9630771432314	0.00034808037464584	
-1.1836449146777	0.30616077249991	
-8.9126540063157	0.00013467393379329	
-4.8250366341551	0.008026259829762	
-4.1706111544434	0.015442819291671	
-9.6793392445343	6.2562828851543e-05	
-13.9500431629	8.7412437764248e-07	
-15.566806650079	1.7354886230709e-07	
-16.703543274455	5.568565439427e-08	
-15.324359618348	2.2116437837629e-07	
-3.0420585873675	0.047736518482359	
-9.7499752519005	5.8296106430858e-05	
-14.586794963849	4.624187533543e-07	
-9.1872249774613	0.00010233846257063	
-5.7715593803019	0.0031148964168853	
-12.63142672258	3.26769170615e-06	
-15.010489135765	3.0271043883611e-07	
-3.7198805924212	0.024236861737889	
-8.8451117732683	0.00014408433454318	
-14.440159234963	5.3544951120765e-07	
-11.936838688797	6.5448067277333e-06	
-5.528149805672	0.0039733337320219	
-14.132490958176	7.2834503039402e-07	
-0.043118280800112	0.95779809424187	
-0.73617846865055	0.47894070965877	
-0.07777986115202	0.92516806956087	
-0.061924299066678	0.93995403949596	
-1.5199562426789	0.21872145740786	
-2.501383552068	0.081971508282305	
-3.6773702924448	0.025289391172214	
-2.9012211298967	0.054956070564853	
-4.1827501951422	0.015256491488223	
-1.6800731279552	0.18636034738997	
-1.2224680075658	0.29450243503168	
-0.079181782700413	0.92387196523883	
-1.1316886244211	0.32248823487447	
-0.40530103534319	0.66677605748376	
-1.0491041503142	0.35025138119636	
-0.33574978821509	0.71480193531059	
-2.1867357416206	0.112282670709	
-2.257473302306	0.10461448026193	
-2.5739700635895	0.076232296798188	
-1.9710879852905	0.13930521171528	
-1.1889935485675	0.30452760212504	
-1.9985917644099	0.13552600145564	
-3.8300580536927	0.021708355343076	
-3.0463539441424	0.047531912845975	
-0.0018403491490453	0.99816134325509	
-0.086466564464889	0.9171662142152	
-0.0059696111140646	0.99404817161145	
-0.55748068902021	0.57264993134969	
-0.87023272783353	0.41885405890603	
-0.23047576798877	0.7941556787584	
-0.41404081189046	0.66097397511797	
-1.2206425058563	0.29504054073729	
-1.0511459645976	0.34953696252678	
-0.83725016001953	0.43289929199898	
-0.13133442897431	0.87692445640026	
-2.5180851096287	0.080613825684831	
-2.8349748192773	0.058720004427404	
-0.69331544347264	0.49991587562136	
-1.0452185167096	0.35161497723486	
-1.4224861073318	0.24111383627328	
-0.068949335622957	0.93337396769091	
-1.0118388174257	0.3635498627455	
-0.3906873291277	0.67659167347864	
-0.64671983041259	0.5237609869935	
-0.81853005030084	0.44107954294909	
-1.1816817190687	0.30676241636318	
-1.1341259984303	0.32170316757251	
-2.9319342609715	0.053293854162866	
-0.9475336836056	0.38769602636662	
-3.0726000410264	0.046300614722863	
-4.034648667519	0.017691894758691	
-0.82881618458811	0.43656579385149	
-0.25328625552539	0.776245645412	
-0.28838536288866	0.74947271761041	
-1.6834294998026	0.18573590128938	
-0.031669127560125	0.96882708723528	
-0.9230996888659	0.39728566857306	
-0.21640214753866	0.8054113425491	
-4.0852605692342	0.016818756294499	
-2.4829205961156	0.083499002265277	
-1.0473275372926	0.35087419544717	
-1.0208801769991	0.36027769243831	
-0.2588558778278	0.77193426787057	
-0.250066969219	0.77874862913758	
-0.16273127841072	0.84981952258677	
-0.40657644265914	0.66592618850171	
-0.24410337596019	0.78340664466264	
-0.92695281265555	0.39575782309135	
-1.4968996887345	0.22382300656241	
-0.44412189347815	0.64138723514132	
-0.073174567373069	0.92943856621429	
-12.430933311832	3.9931374336421e-06	
-8.546468690788	0.00019422977534055	
-11.119839739531	1.4815453900154e-05	
-8.2681383210629	0.0002565624839019	
-5.2111786267319	0.0054552402051135	
-11.894047682414	6.8309439846701e-06	
-15.365498475221	2.1225053838e-07	
-16.547792403544	6.5070638983737e-08	
-11.992184860239	6.1924183545526e-06	
-14.466750044535	5.2139910888232e-07	
-16.993353908409	4.1675437585644e-08	
-7.9843397056991	0.0003407574221912	
-14.706612313405	4.1020355969132e-07	
-15.531285579286	1.7982429902683e-07	
-13.918486421649	9.0214874776491e-07	
-15.107607480674	2.7469416630499e-07	
-4.4500228645134	0.011678299948697	
-9.9231855670304	4.9024736189901e-05	
-13.711974205343	1.1090861108191e-06	
-15.207223647667	2.486489815613e-07	
-12.83935037791	2.6542448272497e-06	
-10.935682767892	1.7811205649054e-05	
-14.59032542764	4.6078907913452e-07	
-8.726718255256	0.00016219386263469	
-17.477162716419	2.569003363864e-08	
-11.48895168742	1.0242634588413e-05	
-14.831123123712	3.6218050249643e-07	
-13.032402619052	2.1882626946915e-06	
-13.519427050703	1.3445824345409e-06	
-7.5498543928311	0.00052618673809963	
-11.021800414608	1.6341536913397e-05	
-4.7569972567394	0.0085913683778372	
-12.592424718414	3.3976561951847e-06	
-6.5116767817506	0.0014859859587572	
-7.6445897216554	0.00047862664001682	
-13.867834647146	9.4902124947774e-07	
-9.6957837896136	6.154242462879e-05	
-4.3970155594121	0.012314035625452	
-3.3081291984728	0.036584552208682	
-6.601162374537	0.0013587876990306	
-13.526691641005	1.3348499879467e-06	
-14.526217241956	4.9129688311201e-07	
-11.668240055418	8.5614579982352e-06	
-12.084815927138	5.6445734416674e-06	
-12.701362125436	3.046972371529e-06	
-2.0650022679135	0.12681800295541	
-15.199595478775	2.5055297073034e-07	
-15.366439962411	2.1205080125684e-07	
-12.130649379921	5.3917023937192e-06	
-9.9361231131897	4.8394561648473e-05	
-12.804981420321	2.7470542003006e-06	
-10.830463722037	1.9787428977258e-05	
-13.438643450833	1.4577105771577e-06	
-9.8506229898323	5.271434228448e-05	
-10.402854361935	3.0345741541977e-05	
-13.782545749381	1.0335141677734e-06	
-15.491383473312	1.8714474663917e-07	
-13.995453413836	8.3531794356323e-07	
-4.1971689830582	0.015038089701457	
-15.089728141964	2.7964968503452e-07	
-12.572795709852	3.4650076766125e-06	
-15.452987924639	1.9447000054273e-07	
-15.398352858612	2.0539048626483e-07	
-10.227387655658	3.6166124821515e-05	
-12.421531620018	4.0308567158604e-06	
-10.096404008672	4.1227542871305e-05	
-12.152169436367	5.2769122293066e-06	
-11.396276320514	1.1237250953378e-05	
-13.700405447188	1.1219913647572e-06	
-14.402099559873	5.5622132248795e-07	
-13.193445139508	1.8627714739147e-06	
-15.796688375636	1.3790671265427e-07	
-18.091008849248	1.3905118193181e-08	
-14.325779145928	6.0033431458525e-07	
-1.7977811944308	0.16566606150779	
-4.280600680638	0.013834349564221	
-12.580729100049	3.4376271724004e-06	
-15.092246982479	2.7894617846025e-07	
-17.014695572757	4.0795438112444e-08	
-0.40513821728578	0.66688462950467	
-14.079613234004	7.6789469122286e-07	
-10.833054156116	1.9736237279886e-05	
-9.8027846248394	5.5297402321204e-05	
-8.9106997279822	0.0001349373814854	
-7.3571510854463	0.00063801351883572	
-8.580281256973	0.00018777215775005	
-15.183699612858	2.5456755023404e-07	
-9.7458020451527	5.8539896474903e-05	
-8.6827398041535	0.00016948607224711	
-12.12904434725	5.4003632007934e-06	
-13.117833153737	2.0090810012876e-06	
-15.381077970027	2.0896940776475e-07	
-4.8512202547064	0.0078188307606189	
-19.07951020591	5.1745668286347e-09	
-14.36362105723	5.7804098803692e-07	
-2.9226114705669	0.053793024811322	
-8.2573843122554	0.00025933644799686	
-11.222679540531	1.3367561886223e-05	
-7.0959764749396	0.00082843144127872	
-13.834537582846	9.8115284634462e-07	
-15.749732983422	1.4453661313061e-07	
-9.2751129511111	9.3728059630511e-05	
-8.2961261506242	0.00024948141098357	
-20.923240530314	8.1875147265862e-10	
-16.816386063672	4.9743498580922e-08	
-8.668696266167	0.00017188304795625	
-15.97274329348	1.1564469812286e-07	
-1.1684615250076	0.31084480053609	
-4.0586987976197	0.017271478188807	
-4.5042352748093	0.011062046378642	
-0.0027582310875083	0.99724556933691	
-0.022604445501301	0.97764912080811	
-0.80456276668012	0.44728345103956	
-16.163461443989	9.5564784856752e-08	
-11.984299485633	6.241440919629e-06	
-15.219538651837	2.456056461231e-07	
-9.3288648971617	8.8823003138339e-05	
-13.85248596843	9.6369983198787e-07	
-11.509672684195	1.0032580768077e-05	
-17.582312387081	2.3125905742283e-08	
-10.000530011537	4.5375873651499e-05	
-1.349127034213	0.25946666733231	
-7.7538032353895	0.00042910743661517	
-11.179438819834	1.3958264053452e-05	
-0.080359335490121	0.92278469751204	
-14.575315061821	4.6775786293018e-07	
-0.18544823336404	0.83073183866052	
-0.15158822687648	0.85934206186233	
-0.41446887580944	0.66069109655721	
-14.982224811653	3.1138840551509e-07	
-11.692261583579	8.358249158698e-06	
-15.577985184775	1.7161964333847e-07	
-8.2725174030428	0.0002554414321322	
-13.888174211314	9.2991355073898e-07	
-11.7900206278	7.5798236193184e-06	
-17.040991415479	3.9736669305422e-08	
-10.825636334853	1.9883181489578e-05	
-2.7406500132609	0.064528388949516	
-6.181720891549	0.0020668679368372	
-9.6019747736965	6.7595119538576e-05	
-0.24946352254232	0.77921870422817	
-14.443978746068	5.3340825663236e-07	
-0.17457400903693	0.83981469805217	
-0.34056719587983	0.71136672403874	
-0.35683193317929	0.69989011615713	
-0.13525211317066	0.8734956641641	
-13.384113968282	1.5394059414253e-06	
-14.568702250998	4.7086130712401e-07	
-14.966688992863	3.1626385333164e-07	
-11.280556542983	1.2615850694564e-05	
-14.227363713141	6.6242154208447e-07	
-0.07129064260031	0.93119120895911	
-0.36620652482374	0.69335959045477	
-5.9191173275499	0.0026875713755149	
-5.1353684666771	0.0058848827224921	
-10.612139552345	2.4615369040904e-05	
-17.706273938023	2.0429744424208e-08	
-14.160787548951	7.0802420997923e-07	
-12.552507674249	3.5360238289707e-06	
-14.812642908571	3.6893590448679e-07	
-12.54848314671	3.5502833288797e-06	
-9.5887867572584	6.8492469211472e-05	
-14.211207724231	6.7321053593093e-07	
-14.106516034939	7.47511583905e-07	
-16.799263700083	5.0602558429533e-08	
-12.627722196135	3.2798194063141e-06	
-14.893304177011	3.4034562994803e-07	
-0.89855539936094	0.40715741496445	
-5.9631951589187	0.0025716818984784	
-5.4685388669435	0.0042173898260024	
-0.88977059279712	0.41074997094668	
-1.3623404504055	0.25606077754237	
-8.5012041725926	0.00020322350543581	
-4.0405509226668	0.017587780239256	
-4.1719132779598	0.015422723919679	
-1.5610183969422	0.20992217820089	
-4.9260076494963	0.0072554116832309	
-6.5912397453331	0.0013723375594806	
-3.0843411913246	0.045760171169535	
-11.797850397211	7.5207070846341e-06	
-3.4690486527355	0.031146647848941	
-1.0525467237298	0.34904768819223	
-4.5289780515029	0.010791698999926	
-3.3705525160941	0.034370641763537	
-0.40003482248829	0.6702967042301	
-1.6319197804968	0.19555379317563	
-5.5119965767012	0.0040380370786622	
-0.97007897974123	0.37905309940544	
-2.6309322534055	0.072011298158715	
-5.4956133117069	0.0041047382093905	
-5.7640177455094	0.0031384766330044	
-2.4351159349183	0.087587591999081	
-8.4104849921186	0.00022252190937189	
-4.0120635841873	0.018096014032025	
-3.670882978233	0.025453984706715	
-2.3594405371506	0.094473062582876	
-4.3281896881766	0.013191406446545	
-4.8323836598925	0.0079675067865622	
-1.8392517089944	0.15893631223357	
-8.3824957943277	0.00022883809931692	
-4.9294820113088	0.0072302474980006	
-0.96245705458819	0.38195325209144	
-2.4423465618176	0.08695656291754	
-3.7329208914546	0.023922857616687	
-0.1872331612411	0.82925036479866	
-2.681898294229	0.068433124570675	
-5.922586035906	0.0026782651238946	
-2.681898294229	0.068433124570675	
-0.3053279403806	0.73688168150427	
-1.1805098351328	0.3071221170336	
-0.96266164122079	0.3818751175547	
-10.196922390906	3.7284890608292e-05	
-0.82734416551683	0.43720890024222	
-5.4778966251893	0.0041781085903822	
-13.613806999406	1.2234852626124e-06	
-13.8717271662	9.4533434650682e-07	
-15.839899907132	1.3207446995293e-07	
-1.5986950982387	0.20216014508291	
-6.7802767070405	0.0011359605265518	
-2.8555174669415	0.05752604559076	
-4.1051748372481	0.016487136020866	
-4.5496335303697	0.010571077653011	
-8.917211328323	0.00013406157772275	
-11.005005912892	1.6618302447523e-05	
-14.601509641067	4.5566422786475e-07	
-15.58719294156	1.7004666432051e-07	
-5.3051067496529	0.0049661680634241	
-3.4906786382285	0.030480180135358	
-9.2643746107278	9.4739966816452e-05	
-16.329140448055	8.0973779216658e-08	
-15.040894764801	2.9364485828543e-07	
-6.1235047818318	0.0021907643411269	
-11.319023457279	1.2139773166879e-05	
-12.043381519877	5.8833659469513e-06	
-4.8589684603197	0.0077584829477749	
-4.3458596669882	0.012960361862117	
-6.9836925324713	0.00092687436286704	
-14.758650775001	3.8940310314384e-07	
-16.053880316495	1.0663219899147e-07	
-0.021290671348286	0.97893437503578	
-1.0722030192908	0.34225369478761	
-10.900382338514	1.8451178050993e-05	
-16.045760612714	1.0750154550253e-07	
-0.013601214798371	0.98649086379067