[ 540  540 1344  966 1804 1577  861 1092 1796  276 1337  540   67 1863  733
  540  540  540 1344  966 1804 1577  861 1092 1796  276 1337  540   67 1863
  733  540  540 1913 1755 1188 1682 1194   13  491  491  276  529  336  900
  768  196  336 1567  540  365  363  662 1863  733  540 1978 1978 1978 1978
 1978 1978 1978 1978 1978 1978 1978 1978 1978 1978 1978 1978 1978 1978 1978
 1978 1978 1978 1978 1978 1978 1978 1978 1978 1978 1978 1978 1978 1978 1978
 1978 1978 1978 1978 1978 1978 1978 1978 1978 1978 1978 1978 1978 1978 1978
 1978 1978 1978 1978 1978 1978 1978 1978 1978 1978 1978 1978 1978 1978 1978
 1978 1978 1978 1978 1978 1978 1978 1978 1978 1978 1978 1978 1978 1978 1978
 1978 1978 1978 1978 1978 1978 1978 1978 1978 1978 1978 1978 1978 1978 1978
 1978 1978 1978 1978 1978 1978 1978 1978 1978 1978 1978 1978 1978 1978 1978
 1978 1978 1978 1978 1978 1978 1978 1978 1978 1978 1978 1978 1978 1978 1978
 1978 1978 1978 1978 1978 1978 1978 1978 1978 1978 1978 1978 1978 1978 1978
 1978 1978 1978 1978 1978 1978 1978 1978 1978 1978 1978 1978 1978]