[[  2  12  15  20  33  79 106 109 122 147 182 316 321]
 [  2  12  15  19  34  80 106 109 123 152 170 184 317]
 [  2  12  15  20  34  81 106 114 128 153 170 184 317]
 [  2  12  15  18  34  82 106 112 129 158 170 184 317]
 [  2  12  15  20  34  83 106 110 134 150 172 183 317]
 [  2  12  15  19  35  84 106 113 126 150 170 199 318]
 [  2  12  15  20  35  85 106 114 126 153 174 187 318]
 [  2  12  15  18  35  86 107 112 129 155 178 202 318]
 [  2  12  15  20  35  79 106 114 131 149 172 183 317]
 [  2  12  15  19  36  80 106 109 125 148 170 184 317]
 [  2  12  15  20  36  81 106 110 124 150 178 202 318]
 [  2  12  15  18  36  82 106 113 126 151 170 183 317]
 [  2  12  15  20  36  83 106 110 127 157 171 184 318]
 [  2  12  15  19  37  84 106 109 133 154 172 204 320]
 [  2  12  15  20  37  85 106 111 130 155 171 195 317]
 [  2  12  15  18  37  86 107 113 131 150 170 183 317]
 [  2  12  15  20  37  81 106 114 126 153 171 184 317]
 [  2  12  15  19  38  82 106 112 129 158 170 184 317]
 [  2  12  15  20  38  83 106 110 134 147 172 183 317]
 [  2  12  15  18  38  84 106 110 123 156 170 184 318]
 [  2  12  15  20  38  85 106 114 132 153 173 249 317]
 [  2  12  15  19  39  86 107 112 129 147 178 202 318]
 [  2  12  15  20  39  86 107 112 123 147 172 183 317]
 [  2  12  15  18  39  86 107 112 123 150 172 183 317]
 [  2  12  15  20  39  79 106 109 126 152 172 183 317]
 [  2  12  15  19  40  80 106 114 128 147 170 184 317]
 [  2  12  15  20  40  81 106 114 123 151 170 184 317]
 [  2  12  15  18  40  82 106 113 127 147 179 183 317]
 [  2  12  15  20  40  83 106 113 123 151 171 184 318]
 [  2  12  15  19  41  84 106 110 127 147 177 183 317]
 [  2  12  15  20  41  85 106 110 123 156 178 183 318]
 [  2  12  15  18  41  86 107 114 132 154 178 183 317]
 [  2  12  15  20  41  79 106 110 130 150 179 183 317]
 [  2  12  15  19  42  80 106 113 126 150 178 183 317]
 [  2  12  15  20  42  81 106 114 126 153 171 199 319]
 [  2  12  15  18  42  82 106 112 129 150 170 184 317]
 [  2  12  15  20  42  83 106 109 126 152 175 200 319]
 [  2  12  15  19  43  84 106 114 128 153 179 183 317]
 [  2  12  15  20  43  85 106 112 129 150 170 184 319]
 [  2  12  15  18  43  86 107 109 126 146 172 183 317]
 [ 10  13  17  21  75 105 108 121 145 169 182 316 321]
 [ 10  13  17  21  75 105 108 121 145 169 182 316 321]
 [ 10  13  17  21  75 105 108 121 145 169 182 316 321]
 [ 10  13  17  21  75 105 108 121 145 169 182 316 321]
 [ 10  13  17  21  75 105 108 121 145 169 182 316 321]
 [ 10  13  17  21  75 105 108 121 145 169 182 316 321]
 [ 10  13  17  21  75 105 108 121 145 169 182 316 321]
 [ 10  13  17  21  75 105 108 121 145 169 182 316 321]
 [ 10  13  17  21  75 105 108 121 145 169 182 316 321]
 [ 10  13  17  21  75 105 108 121 145 169 182 316 321]
 [ 10  13  17  21  75 105 108 121 145 169 182 316 321]
 [ 10  13  17  21  75 105 108 121 145 169 182 316 321]
 [ 10  13  17  21  75 105 108 121 145 169 182 316 321]
 [ 10  13  17  21  75 105 108 121 145 169 182 316 321]
 [ 10  13  17  21  75 105 108 121 145 169 182 316 321]
 [ 10  13  17  21  75 105 108 121 145 169 182 316 321]
 [ 10  13  17  21  75 105 108 121 145 169 182 316 321]
 [ 10  13  17  21  75 105 108 121 145 169 182 316 321]
 [ 10  13  17  21  75 105 108 121 145 169 182 316 321]
 [ 10  13  17  21  75 105 108 121 145 169 182 316 321]
 [ 10  13  17  21  75 105 108 121 145 169 182 316 321]
 [ 10  13  17  21  75 105 108 121 145 169 182 316 321]
 [ 10  13  17  21  75 105 108 121 145 169 182 316 321]
 [ 10  13  17  21  75 105 108 121 145 169 182 316 321]
 [ 10  13  17  21  75 105 108 121 145 169 182 316 321]
 [ 10  13  17  21  75 105 108 121 145 169 182 316 321]
 [ 10  13  17  21  75 105 108 121 145 169 182 316 321]
 [ 10  13  17  21  75 105 108 121 145 169 182 316 321]
 [ 10  13  17  21  75 105 108 121 145 169 182 316 321]
 [ 10  13  17  21  75 105 108 121 145 169 182 316 321]
 [ 10  13  17  21  75 105 108 121 145 169 182 316 321]
 [ 10  13  17  21  75 105 108 121 145 169 182 316 321]
 [ 10  13  17  21  75 105 108 121 145 169 182 316 321]
 [ 10  13  17  21  75 105 108 121 145 169 182 316 321]
 [ 10  13  17  21  75 105 108 121 145 169 182 316 321]
 [ 10  13  17  21  75 105 108 121 145 169 182 316 321]
 [ 10  13  17  21  75 105 108 121 145 169 182 316 321]
 [ 10  13  17  21  75 105 108 121 145 169 182 316 321]
 [ 10  13  17  21  75 105 108 121 145 169 182 316 321]
 [ 10  13  17  21  75 105 108 121 145 169 182 316 321]
 [ 10  13  17  21  75 105 108 121 145 169 182 316 321]
 [ 10  13  17  21  75 105 108 121 145 169 182 316 321]
 [ 10  13  17  21  75 105 108 121 145 169 182 316 321]
 [ 10  13  17  21  75 105 108 121 145 169 182 316 321]
 [ 10  13  17  21  75 105 108 121 145 169 182 316 321]
 [ 10  13  17  21  75 105 108 121 145 169 182 316 321]
 [ 10  13  17  21  75 105 108 121 145 169 182 316 321]
 [ 10  13  17  21  75 105 108 121 145 169 182 316 321]
 [ 10  13  17  21  75 105 108 121 145 169 182 316 321]
 [ 10  13  17  21  75 105 108 121 145 169 182 316 321]
 [ 10  13  17  21  75 105 108 121 145 169 182 316 321]
 [ 10  13  17  21  75 105 108 121 145 169 182 316 321]
 [ 10  13  17  21  75 105 108 121 145 169 182 316 321]
 [ 10  13  17  21  75 105 108 121 145 169 182 316 321]
 [ 10  13  17  21  75 105 108 121 145 169 182 316 321]
 [ 10  13  17  21  75 105 108 121 145 169 182 316 321]
 [ 10  13  17  21  75 105 108 121 145 169 182 316 321]
 [ 10  13  17  21  75 105 108 121 145 169 182 316 321]
 [ 10  13  17  21  75 105 108 121 145 169 182 316 321]
 [ 10  13  17  21  75 105 108 121 145 169 182 316 321]
 [ 10  13  17  21  75 105 108 121 145 169 182 316 321]
 [ 10  13  17  21  75 105 108 121 145 169 182 316 321]
 [ 10  13  17  21  75 105 108 121 145 169 182 316 321]
 [ 10  13  17  21  75 105 108 121 145 169 182 316 321]
 [ 10  13  17  21  75 105 108 121 145 169 182 316 321]
 [ 10  13  17  21  75 105 108 121 145 169 182 316 321]
 [ 10  13  17  21  75 105 108 121 145 169 182 316 321]
 [ 10  13  17  21  75 105 108 121 145 169 182 316 321]
 [ 10  13  17  21  75 105 108 121 145 169 182 316 321]
 [ 10  13  17  21  75 105 108 121 145 169 182 316 321]
 [ 10  13  17  21  75 105 108 121 145 169 182 316 321]
 [ 10  13  17  21  75 105 108 121 145 169 182 316 321]
 [ 10  13  17  21  75 105 108 121 145 169 182 316 321]
 [ 10  13  17  21  75 105 108 121 145 169 182 316 321]
 [ 10  13  17  21  75 105 108 121 145 169 182 316 321]
 [ 10  13  17  21  75 105 108 121 145 169 182 316 321]
 [ 10  13  17  21  75 105 108 121 145 169 182 316 321]
 [ 10  13  17  21  75 105 108 121 145 169 182 316 321]
 [ 10  13  17  21  75 105 108 121 145 169 182 316 321]
 [ 10  13  17  21  75 105 108 121 145 169 182 316 321]
 [ 10  13  17  21  75 105 108 121 145 169 182 316 321]
 [ 10  13  17  21  75 105 108 121 145 169 182 316 321]
 [ 10  13  17  21  75 105 108 121 145 169 182 316 321]
 [ 10  13  17  21  75 105 108 121 145 169 182 316 321]
 [ 10  13  17  21  75 105 108 121 145 169 182 316 321]
 [ 10  13  17  21  75 105 108 121 145 169 182 316 321]
 [ 10  13  17  21  75 105 108 121 145 169 182 316 321]
 [ 10  13  17  21  75 105 108 121 145 169 182 316 321]
 [ 10  13  17  21  75 105 108 121 145 169 182 316 321]
 [ 10  13  17  21  75 105 108 121 145 169 182 316 321]
 [ 10  13  17  21  75 105 108 121 145 169 182 316 321]
 [ 10  13  17  21  75 105 108 121 145 169 182 316 321]
 [ 10  13  17  21  75 105 108 121 145 169 182 316 321]
 [ 10  13  17  21  75 105 108 121 145 169 182 316 321]
 [ 10  13  17  21  75 105 108 121 145 169 182 316 321]
 [ 10  13  17  21  75 105 108 121 145 169 182 316 321]
 [ 10  13  17  21  75 105 108 121 145 169 182 316 321]
 [ 10  13  17  21  75 105 108 121 145 169 182 316 321]
 [ 10  13  17  21  75 105 108 121 145 169 182 316 321]
 [ 10  13  17  21  75 105 108 121 145 169 182 316 321]
 [ 10  13  17  21  75 105 108 121 145 169 182 316 321]
 [ 10  13  17  21  75 105 108 121 145 169 182 316 321]
 [ 10  13  17  21  75 105 108 121 145 169 182 316 321]
 [ 10  13  17  21  75 105 108 121 145 169 182 316 321]
 [ 10  13  17  21  75 105 108 121 145 169 182 316 321]
 [ 10  13  17  21  75 105 108 121 145 169 182 316 321]
 [ 10  13  17  21  75 105 108 121 145 169 182 316 321]
 [ 10  13  17  21  75 105 108 121 145 169 182 316 321]
 [ 10  13  17  21  75 105 108 121 145 169 182 316 321]
 [ 10  13  17  21  75 105 108 121 145 169 182 316 321]
 [ 10  13  17  21  75 105 108 121 145 169 182 316 321]
 [ 10  13  17  21  75 105 108 121 145 169 182 316 321]
 [ 10  13  17  21  75 105 108 121 145 169 182 316 321]
 [ 10  13  17  21  75 105 108 121 145 169 182 316 321]
 [ 10  13  17  21  75 105 108 121 145 169 182 316 321]
 [ 10  13  17  21  75 105 108 121 145 169 182 316 321]
 [ 10  13  17  21  75 105 108 121 145 169 182 316 321]
 [ 10  13  17  21  75 105 108 121 145 169 182 316 321]
 [ 10  13  17  21  75 105 108 121 145 169 182 316 321]
 [ 10  13  17  21  75 105 108 121 145 169 182 316 321]
 [ 10  13  17  21  75 105 108 121 145 169 182 316 321]
 [ 10  13  17  21  75 105 108 121 145 169 182 316 321]
 [ 10  13  17  21  75 105 108 121 145 169 182 316 321]
 [ 10  13  17  21  75 105 108 121 145 169 182 316 321]
 [ 10  13  17  21  75 105 108 121 145 169 182 316 321]
 [ 10  13  17  21  75 105 108 121 145 169 182 316 321]
 [ 10  13  17  21  75 105 108 121 145 169 182 316 321]
 [ 10  13  17  21  75 105 108 121 145 169 182 316 321]
 [ 10  13  17  21  75 105 108 121 145 169 182 316 321]
 [ 10  13  17  21  75 105 108 121 145 169 182 316 321]
 [ 10  13  17  21  75 105 108 121 145 169 182 316 321]
 [ 10  13  17  21  75 105 108 121 145 169 182 316 321]
 [ 10  13  17  21  75 105 108 121 145 169 182 316 321]
 [ 10  13  17  21  75 105 108 121 145 169 182 316 321]
 [ 10  13  17  21  75 105 108 121 145 169 182 316 321]
 [ 10  13  17  21  75 105 108 121 145 169 182 316 321]
 [ 10  13  17  21  75 105 108 121 145 169 182 316 321]
 [ 10  13  17  21  75 105 108 121 145 169 182 316 321]
 [ 10  13  17  21  75 105 108 121 145 169 182 316 321]
 [ 10  13  17  21  75 105 108 121 145 169 182 316 321]
 [ 10  13  17  21  75 105 108 121 145 169 182 316 321]
 [ 10  13  17  21  75 105 108 121 145 169 182 316 321]
 [ 10  13  17  21  75 105 108 121 145 169 182 316 321]
 [ 10  13  17  21  75 105 108 121 145 169 182 316 321]
 [ 10  13  17  21  75 105 108 121 145 169 182 316 321]
 [ 10  13  17  21  75 105 108 121 145 169 182 316 321]
 [ 10  13  17  21  75 105 108 121 145 169 182 316 321]
 [ 10  13  17  21  75 105 108 121 145 169 182 316 321]
 [ 10  13  17  21  75 105 108 121 145 169 182 316 321]
 [ 10  13  17  21  75 105 108 121 145 169 182 316 321]
 [ 10  13  17  21  75 105 108 121 145 169 182 316 321]
 [ 10  13  17  21  75 105 108 121 145 169 182 316 321]
 [ 10  13  17  21  75 105 108 121 145 169 182 316 321]
 [ 10  13  17  21  75 105 108 121 145 169 182 316 321]
 [ 10  13  17  21  75 105 108 121 145 169 182 316 321]
 [ 10  13  17  21  75 105 108 121 145 169 182 316 321]
 [ 10  13  17  21  75 105 108 121 145 169 182 316 321]
 [ 10  13  17  21  75 105 108 121 145 169 182 316 321]
 [ 10  13  17  21  75 105 108 121 145 169 182 316 321]
 [ 10  13  17  21  75 105 108 121 145 169 182 316 321]
 [ 10  13  17  21  75 105 108 121 145 169 182 316 321]
 [ 10  13  17  21  75 105 108 121 145 169 182 316 321]
 [ 10  13  17  21  75 105 108 121 145 169 182 316 321]
 [ 10  13  17  21  75 105 108 121 145 169 182 316 321]
 [ 10  13  17  21  75 105 108 121 145 169 182 316 321]
 [ 10  13  17  21  75 105 108 121 145 169 182 316 321]
 [ 10  13  17  21  75 105 108 121 145 169 182 316 321]
 [ 10  13  17  21  75 105 108 121 145 169 182 316 321]]